Entropy of 1T’ phase (meV/K/f.u.)
0.000000000000000000e+00
6.480000000000000300e-04
1.219000000000000031e-03
1.510333333333333363e-03
1.711374999999999789e-03
1.861099999999999864e-03
1.981416666666666482e-03
2.088071428571428283e-03
2.191250000000000055e-03
2.296555555555555156e-03
2.406249999999999969e-03
2.520954545454545410e-03
2.640583333333333324e-03
2.764846153846153756e-03
2.893392857142856964e-03
3.026133333333333453e-03
3.162843750000000290e-03
3.303352941176470377e-03
3.447472222222222431e-03
3.594947368421052593e-03
3.745474999999999846e-03
3.898714285714285736e-03
4.054295454545454522e-03
4.211847826086956986e-03
4.371041666666666305e-03
4.531499999999999938e-03
4.692961538461539080e-03
4.855074074074074153e-03
5.017642857142856801e-03
5.180431034482758761e-03
5.343233333333333342e-03
5.505935483870967595e-03
5.668406249999999834e-03
5.830530303030302675e-03
5.992264705882354055e-03
6.153542857142856384e-03
6.314347222222222930e-03
6.474662162162162123e-03
6.634473684210526016e-03
6.793807692307691874e-03
6.952675000000000174e-03
7.111121951219512641e-03
7.269166666666665964e-03
7.426860465116279231e-03
7.584238636363636356e-03
7.741366666666666708e-03
7.898282608695652435e-03
8.055042553191489249e-03
8.211697916666666625e-03
8.368316326530612220e-03
8.524949999999999889e-03
8.681647058823530050e-03
8.838480769230768613e-03
8.995500000000000024e-03
9.152759259259259789e-03
9.310318181818181757e-03
9.468232142857142819e-03
9.626570175438595167e-03
9.785379310344826526e-03
9.944711864406780705e-03
1.010464166666666733e-02
1.026520491803278520e-02
1.042646774193548530e-02
1.058847619047618982e-02
1.075130468749999936e-02
1.091499230769230923e-02
1.107959090909091046e-02
1.124517164179104391e-02
1.141177205882352996e-02
1.157944927536231836e-02
1.174826428571428688e-02
1.191826056338028163e-02
1.208949305555555472e-02
1.226201369863013854e-02
1.243586486486486509e-02
1.261111333333333334e-02
1.278778947368421071e-02
1.296594805194805147e-02
1.314564102564102534e-02
1.332690506329113969e-02
1.350979375000000045e-02
1.369433950617283957e-02
1.388059756097560771e-02
1.406860240963855521e-02
1.425838690476190565e-02
1.445000000000000104e-02
1.464347093023255809e-02
1.483883908045977029e-02
1.503613636363636437e-02
1.523539325842696544e-02
1.543663888888888863e-02
1.563990659340659325e-02
1.584522282608695487e-02
1.605260752688171880e-02
1.626208510638297786e-02
1.647367894736842184e-02
1.668740624999999825e-02
1.690328865979381576e-02
1.712134183673469368e-02
1.734158080808080940e-02
1.756401499999999880e-02
