    2   24   72
127.600 95.940
    1    1  1.0000  0.0000  0.0000
 -8.375055   0.000166   0.000165
  1.675833   0.000008   0.000000
  0.037313  -0.000007  -0.000010
 -0.024623  -0.000006  -0.000005
 -0.347885  -0.000003  -0.000003
  0.237307   0.000023  -0.000015
  0.030026  -0.000000   0.000006
 -0.058045  -0.000006  -0.000016
  0.126088  -0.430493  -0.046651
  0.126089   0.430454   0.046645
  0.119759   0.420391  -0.035003
  0.119759  -0.420416   0.034983
 -0.068014  -0.188423  -0.204765
 -0.068001   0.188379   0.204755
 -0.062357   0.041840   0.038472
 -0.062362  -0.041852  -0.038472
  2.953537  -1.142958  -2.208085
  2.953532   1.142927   2.208040
  0.018357   0.076898  -0.025343
  0.018347  -0.076909   0.025331
 -0.241587  -0.000014  -0.000007
 -0.018884  -0.000018  -0.000006
  0.877682   0.000020  -0.000011
  0.033181  -0.000002  -0.000002
    1    2  0.0000  1.0000  0.0000
  0.000119  -8.521278   0.026954
 -0.000008  -0.202362   0.052504
 -0.000010   0.007519  -0.010689
 -0.000003   0.057238  -0.023090
 -0.000011  -0.326686  -0.005435
 -0.000008  -0.277759   0.227432
 -0.000007   0.060282   0.002642
  0.000001   0.025598   0.004890
 -0.386364   0.580350   0.046103
  0.386360   0.580357   0.046098
  0.401770   0.591395  -0.067157
 -0.401775   0.591410  -0.067178
 -0.001634   0.039691   0.068414
  0.001631   0.039693   0.068431
  0.169409   0.038773  -0.183462
 -0.169426   0.038774  -0.183449
 -1.300320   1.662631   1.284887
  1.300309   1.662639   1.284877
 -0.062319  -0.080950  -0.002276
  0.062307  -0.080950  -0.002273
 -0.000011   0.088588   0.099891
 -0.000001   0.041205   0.059963
 -0.000009   3.687808  -2.627937
  0.000001  -0.303968  -0.100139
    1    3  0.0000  0.0000  1.0000
  0.000121   0.031588 -10.861531
 -0.000007   0.056710  -0.453278
 -0.000005  -0.009446  -0.037896
 -0.000004  -0.028422  -0.077063
 -0.000003   0.007179   1.212038
 -0.000001  -0.233898   0.234282
 -0.000003   0.003616   0.020308
 -0.000003  -0.006900   0.024393
 -0.004596  -0.047632  -0.244555
  0.004590  -0.047640  -0.244554
  0.036409   0.023892  -0.245860
 -0.036422   0.023897  -0.245858
  0.005227   0.183361   0.124752
 -0.005238   0.183370   0.124758
 -0.194404  -0.068523   0.129125
  0.194395  -0.068521   0.129124
 -2.530131   1.408350   3.276118
  2.530108   1.408345   3.276113
 -0.010127   0.046657   0.052139
  0.010115   0.046661   0.052138
 -0.000006   0.015858   0.154267
 -0.000005  -0.070020   0.085830
 -0.000004  -2.842243   3.244077
 -0.000004  -0.016238   0.271133
    2    1  1.0000  0.0000  0.0000
  1.675821  -0.000001   0.000004
 -8.374711  -0.000092  -0.000080
 -0.024647   0.000001   0.000008
  0.037318   0.000001  -0.000006
  0.237312  -0.000001  -0.000001
 -0.347915  -0.000019   0.000012
 -0.058089   0.000002  -0.000000
  0.030037   0.000003   0.000019
  0.126082   0.430490   0.046649
  0.126062  -0.430467  -0.046634
  0.119741  -0.420401   0.035005
  0.119737   0.420407  -0.034993
 -0.068017   0.188420   0.204768
 -0.068025  -0.188402  -0.204762
 -0.062380  -0.041854  -0.038483
 -0.062375   0.041864   0.038490
  2.953534   1.142949   2.208066
  2.953532  -1.142954  -2.208077
  0.018326  -0.076894   0.025337
  0.018341   0.076904  -0.025334
 -0.018900   0.000009   0.000001
 -0.241603   0.000015   0.000005
  0.033163  -0.000002   0.000012
  0.877660   0.000021  -0.000007
    2    2  0.0000  1.0000  0.0000
 -0.000002  -0.202431   0.052506
 -0.000101  -8.520869   0.027019
  0.000002   0.057152  -0.023130
  0.000008   0.007458  -0.010772
  0.000005  -0.277818   0.227469
  0.000011  -0.326811  -0.005447
  0.000002   0.025499   0.004905
  0.000003   0.060235   0.002723
  0.386442   0.580397   0.046195
 -0.386436   0.580403   0.046192
 -0.401821   0.591462  -0.067225
  0.401836   0.591475  -0.067227
  0.001687   0.039742   0.068346
 -0.001680   0.039743   0.068350
 -0.169488   0.038822  -0.183446
  0.169496   0.038828  -0.183452
  1.300269   1.662571   1.284810
 -1.300259   1.662573   1.284807
  0.062336  -0.080937  -0.002272
 -0.062330  -0.080942  -0.002271
  0.000004   0.041218   0.059962
  0.000009   0.088623   0.099901
 -0.000001  -0.304009  -0.100149
  0.000009   3.687614  -2.627796
    2    3  0.0000  0.0000  1.0000
  0.000003   0.056704  -0.453324
 -0.000099   0.031650 -10.861204
  0.000000  -0.028428  -0.077063
  0.000007  -0.009443  -0.037894
  0.000009  -0.233907   0.234287
 -0.000000   0.007168   1.212091
  0.000002  -0.006911   0.024356
  0.000008   0.003623   0.020275
  0.004597  -0.047632  -0.244570
 -0.004592  -0.047626  -0.244574
 -0.036414   0.023884  -0.245875
  0.036410   0.023878  -0.245890
 -0.005232   0.183373   0.124743
  0.005238   0.183369   0.124738
  0.194398  -0.068530   0.129102
 -0.194397  -0.068530   0.129114
  2.530138   1.408350   3.276105
 -2.530114   1.408345   3.276102
  0.010127   0.046653   0.052121
 -0.010117   0.046659   0.052119
  0.000003  -0.070022   0.085813
  0.000009   0.015851   0.154252
  0.000008  -0.016238   0.271110
  0.000005  -2.842237   3.244066
    3    1  1.0000  0.0000  0.0000
  0.037322  -0.000013  -0.000019
 -0.024660  -0.000009   0.000003
 -8.374666   0.000193   0.000185
  1.675871   0.000014   0.000007
  0.030035  -0.000004   0.000007
 -0.058100   0.000000  -0.000013
 -0.347984  -0.000002  -0.000010
  0.237372   0.000019  -0.000021
  0.119740   0.420401  -0.035015
  0.119737  -0.420425   0.035002
  0.126064  -0.430527  -0.046637
  0.126068   0.430485   0.046612
 -0.062374   0.041863   0.038490
 -0.062383  -0.041880  -0.038488
 -0.068033  -0.188466  -0.204792
 -0.068024   0.188416   0.204772
  0.018337   0.076895  -0.025345
  0.018329  -0.076904   0.025332
  2.953516  -1.142952  -2.208075
  2.953512   1.142923   2.208033
  0.877657   0.000015  -0.000014
  0.033175  -0.000006  -0.000001
 -0.241618  -0.000013  -0.000007
 -0.018892  -0.000023  -0.000008
    3    2  0.0000  1.0000  0.0000
 -0.000009   0.007478  -0.010670
 -0.000001   0.057200  -0.023091
  0.000142  -8.521001   0.026920
 -0.000000  -0.202359   0.052483
 -0.000012   0.060237   0.002624
 -0.000006   0.025563   0.004885
 -0.000012  -0.326706  -0.005451
 -0.000003  -0.277746   0.227447
  0.401785   0.591386  -0.067151
 -0.401794   0.591391  -0.067172
 -0.386360   0.580349   0.046090
  0.386347   0.580352   0.046092
  0.169433   0.038771  -0.183450
 -0.169447   0.038779  -0.183453
 -0.001634   0.039697   0.068407
  0.001620   0.039693   0.068423
 -0.062304  -0.081004  -0.002267
  0.062294  -0.081005  -0.002268
 -1.300331   1.662659   1.284907
  1.300318   1.662666   1.284903
 -0.000010   3.687833  -2.627938
  0.000000  -0.303937  -0.100129
 -0.000014   0.088546   0.099891
 -0.000002   0.041160   0.059967
    3    3  0.0000  0.0000  1.0000
 -0.000005  -0.009462  -0.037889
 -0.000006  -0.028437  -0.077064
  0.000155   0.031593 -10.861356
 -0.000007   0.056666  -0.453285
 -0.000008   0.003593   0.020301
 -0.000009  -0.006916   0.024405
 -0.000010   0.007202   1.211909
 -0.000004  -0.233940   0.234267
  0.036352   0.023905  -0.245851
 -0.036366   0.023907  -0.245852
 -0.004603  -0.047623  -0.244543
  0.004591  -0.047614  -0.244550
 -0.194453  -0.068513   0.129116
  0.194448  -0.068515   0.129117
  0.005225   0.183378   0.124750
 -0.005238   0.183389   0.124742
 -0.010132   0.046660   0.052134
  0.010116   0.046658   0.052135
 -2.530129   1.408344   3.276116
  2.530112   1.408336   3.276115
 -0.000000  -2.842200   3.244052
 -0.000009  -0.016238   0.271147
 -0.000010   0.015857   0.154255
 -0.000009  -0.070031   0.085828
    4    1  1.0000  0.0000  0.0000
 -0.024611   0.000005   0.000019
  0.037305  -0.000001  -0.000007
  1.675913  -0.000003   0.000007
 -8.374998  -0.000105  -0.000113
 -0.058055   0.000003   0.000002
  0.030025   0.000000   0.000014
  0.237435  -0.000005   0.000001
 -0.348010  -0.000019   0.000016
  0.119740  -0.420397   0.034994
  0.119741   0.420410  -0.034974
  0.126085   0.430537   0.046619
  0.126074  -0.430507  -0.046604
 -0.062367  -0.041859  -0.038470
 -0.062367   0.041872   0.038469
 -0.068015   0.188473   0.204798
 -0.068019  -0.188454  -0.204792
  0.018339  -0.076894   0.025343
  0.018352   0.076906  -0.025339
  2.953525   1.142932   2.208053
  2.953535  -1.142939  -2.208058
  0.033178  -0.000001   0.000015
  0.877679   0.000019  -0.000005
 -0.018883   0.000013   0.000002
 -0.241600   0.000016   0.000009
    4    2  0.0000  1.0000  0.0000
  0.000002   0.057231  -0.023093
  0.000005   0.007509  -0.010697
 -0.000001  -0.202352   0.052522
 -0.000124  -8.521258   0.026849
  0.000002   0.025599   0.004903
  0.000011   0.060272   0.002654
 -0.000001  -0.277744   0.227423
  0.000011  -0.326660  -0.005453
 -0.401769   0.591389  -0.067172
  0.401788   0.591393  -0.067169
  0.386348   0.580341   0.046104
 -0.386343   0.580349   0.046109
 -0.169419   0.038762  -0.183436
  0.169432   0.038768  -0.183436
  0.001624   0.039680   0.068399
 -0.001615   0.039685   0.068409
  0.062310  -0.080969  -0.002267
 -0.062299  -0.080975  -0.002266
  1.300346   1.662655   1.284922
 -1.300338   1.662659   1.284914
  0.000002  -0.303960  -0.100125
  0.000010   3.687862  -2.627955
  0.000002   0.041191   0.059967
  0.000013   0.088573   0.099895
    4    3  0.0000  0.0000  1.0000
  0.000007  -0.028421  -0.077018
  0.000011  -0.009460  -0.037826
  0.000008   0.056694  -0.453275
 -0.000151   0.031469 -10.861792
  0.000003  -0.006900   0.024398
  0.000012   0.003604   0.020286
  0.000001  -0.233928   0.234288
  0.000006   0.007197   1.211915
 -0.036380   0.023888  -0.245818
  0.036387   0.023878  -0.245818
  0.004594  -0.047597  -0.244512
 -0.004579  -0.047602  -0.244510
  0.194438  -0.068525   0.129119
 -0.194428  -0.068522   0.129115
 -0.005241   0.183402   0.124744
  0.005254   0.183403   0.124754
  0.010121   0.046655   0.052157
 -0.010109   0.046658   0.052157
  2.530117   1.408353   3.276134
 -2.530102   1.408343   3.276135
  0.000013  -0.016250   0.271166
  0.000005  -2.842215   3.244074
  0.000005  -0.070006   0.085851
  0.000009   0.015882   0.154278
    5    1  1.0000  0.0000  0.0000
 -0.347930  -0.000007  -0.000001
  0.237354   0.000014   0.000017
  0.030061   0.000003  -0.000011
 -0.058083  -0.000001   0.000014
 -8.375102   0.000170  -0.000159
  1.675872   0.000010  -0.000003
  0.037343   0.000002   0.000013
 -0.024647  -0.000006  -0.000001
 -0.068009  -0.188439   0.204783
 -0.068003   0.188391  -0.204768
 -0.062353   0.041874  -0.038487
 -0.062365  -0.041892   0.038495
  0.126088  -0.430512   0.046655
  0.126088   0.430468  -0.046640
  0.119761   0.420418   0.035017
  0.119763  -0.420440  -0.035015
  2.953534  -1.142960   2.208082
  2.953539   1.142929  -2.208041
  0.018356   0.076900   0.025348
  0.018346  -0.076911  -0.025331
 -0.241587  -0.000011   0.000008
 -0.018886  -0.000018   0.000008
  0.877678   0.000018   0.000010
  0.033184  -0.000001   0.000005
    5    2  0.0000  1.0000  0.0000
 -0.000009  -0.326711   0.005484
 -0.000005  -0.277721  -0.227439
 -0.000012   0.060205  -0.002683
 -0.000004   0.025531  -0.004943
  0.000128  -8.521159  -0.026999
 -0.000011  -0.202323  -0.052505
 -0.000013   0.007451   0.010740
  0.000001   0.057179   0.023153
 -0.001618   0.039714  -0.068341
  0.001616   0.039720  -0.068326
  0.169491   0.038801   0.183382
 -0.169502   0.038799   0.183386
 -0.386347   0.580362  -0.046198
  0.386336   0.580365  -0.046183
  0.401824   0.591419   0.067227
 -0.401843   0.591426   0.067245
 -1.300299   1.662632  -1.284870
  1.300294   1.662634  -1.284861
 -0.062314  -0.080963   0.002272
  0.062305  -0.080962   0.002269
 -0.000010   0.088590  -0.099898
 -0.000001   0.041204  -0.059963
 -0.000007   3.687774   2.627912
 -0.000000  -0.303969   0.100140
    5    3  0.0000  0.0000  1.0000
  0.000000  -0.007203   1.212047
  0.000005   0.233926   0.234292
  0.000004  -0.003603   0.020310
  0.000007   0.006918   0.024398
 -0.000118  -0.031618 -10.861514
  0.000009  -0.056673  -0.453297
  0.000001   0.009464  -0.037926
  0.000010   0.028416  -0.077105
 -0.005234  -0.183371   0.124718
  0.005244  -0.183373   0.124725
  0.194455   0.068518   0.129103
 -0.194446   0.068515   0.129109
  0.004603   0.047624  -0.244543
 -0.004594   0.047614  -0.244531
 -0.036361  -0.023898  -0.245838
  0.036367  -0.023906  -0.245833
  2.530167  -1.408384   3.276130
 -2.530150  -1.408378   3.276127
  0.010129  -0.046642   0.052137
 -0.010118  -0.046647   0.052139
  0.000008  -0.015848   0.154260
  0.000005   0.070011   0.085817
  0.000001   2.842308   3.244115
  0.000006   0.016228   0.271161
    6    1  1.0000  0.0000  0.0000
  0.237352   0.000006   0.000000
 -0.347960  -0.000019  -0.000016
 -0.058103   0.000003   0.000007
  0.030045   0.000002  -0.000013
  1.675853  -0.000008   0.000001
 -8.374705  -0.000083   0.000084
 -0.024662   0.000002  -0.000009
  0.037322  -0.000003   0.000005
 -0.068022   0.188429  -0.204781
 -0.068029  -0.188411   0.204768
 -0.062377  -0.041873   0.038492
 -0.062378   0.041883  -0.038499
  0.126075   0.430507  -0.046635
  0.126060  -0.430480   0.046621
  0.119745  -0.420417  -0.035024
  0.119737   0.420420   0.035009
  2.953536   1.142950  -2.208071
  2.953531  -1.142954   2.208080
  0.018328  -0.076896  -0.025342
  0.018341   0.076905   0.025335
 -0.018901   0.000009  -0.000003
 -0.241606   0.000014  -0.000006
  0.033165  -0.000004  -0.000011
  0.877653   0.000018   0.000007
    6    2  0.0000  1.0000  0.0000
  0.000008  -0.277737  -0.227408
  0.000005  -0.326678   0.005458
  0.000001   0.025570  -0.004914
  0.000006   0.060234  -0.002665
  0.000002  -0.202342  -0.052500
 -0.000094  -8.521090  -0.027019
 -0.000001   0.057206   0.023127
  0.000004   0.007480   0.010714
  0.001618   0.039679  -0.068379
 -0.001611   0.039690  -0.068383
 -0.169446   0.038764   0.183421
  0.169460   0.038777   0.183419
  0.386327   0.580345  -0.046127
 -0.386327   0.580348  -0.046124
 -0.401798   0.591385   0.067188
  0.401813   0.591394   0.067183
  1.300337   1.662644  -1.284905
 -1.300327   1.662646  -1.284900
  0.062309  -0.080978   0.002276
 -0.062304  -0.080981   0.002272
  0.000003   0.041189  -0.059960
  0.000010   0.088574  -0.099888
 -0.000003  -0.303968   0.100134
  0.000007   3.687849   2.627981
    6    3  0.0000  0.0000  1.0000
 -0.000006   0.233946   0.234306
  0.000001  -0.007182   1.212099
 -0.000001   0.006927   0.024386
 -0.000010  -0.003603   0.020294
  0.000000  -0.056678  -0.453334
  0.000104  -0.031689 -10.861359
 -0.000000   0.028414  -0.077108
 -0.000004   0.009455  -0.037907
  0.005244  -0.183380   0.124714
 -0.005246  -0.183377   0.124718
 -0.194451   0.068528   0.129087
  0.194443   0.068526   0.129090
 -0.004599   0.047614  -0.244555
  0.004590   0.047611  -0.244551
  0.036364  -0.023887  -0.245844
 -0.036367  -0.023880  -0.245845
 -2.530168  -1.408375   3.276113
  2.530138  -1.408371   3.276113
 -0.010128  -0.046640   0.052132
  0.010118  -0.046646   0.052132
 -0.000003   0.070017   0.085810
 -0.000010  -0.015843   0.154257
 -0.000007   0.016230   0.271158
 -0.000002   2.842285   3.244096
    7    1  1.0000  0.0000  0.0000
  0.030026  -0.000004  -0.000005
 -0.058072  -0.000003   0.000018
 -0.347842  -0.000011   0.000005
  0.237249   0.000010   0.000021
  0.037311  -0.000003   0.000017
 -0.024640  -0.000002   0.000003
 -8.374806   0.000204  -0.000203
  1.675790   0.000013  -0.000007
 -0.062362   0.041830  -0.038476
 -0.062372  -0.041861   0.038483
 -0.068022  -0.188396   0.204754
 -0.068010   0.188358  -0.204748
  0.119753   0.420392   0.035024
  0.119749  -0.420405  -0.034993
  0.126077  -0.430477   0.046677
  0.126083   0.430429  -0.046660
  0.018342   0.076905   0.025350
  0.018336  -0.076916  -0.025326
  2.953536  -1.142961   2.208078
  2.953529   1.142925  -2.208045
  0.877667   0.000014   0.000014
  0.033173  -0.000006   0.000004
 -0.241598  -0.000014   0.000007
 -0.018898  -0.000020   0.000007
    7    2  0.0000  1.0000  0.0000
 -0.000010   0.060258  -0.002604
 -0.000001   0.025578  -0.004879
 -0.000014  -0.326708   0.005454
 -0.000010  -0.277754  -0.227462
 -0.000012   0.007498   0.010651
 -0.000001   0.057216   0.023088
  0.000147  -8.521054  -0.026919
 -0.000010  -0.202367  -0.052465
  0.169425   0.038774   0.183469
 -0.169438   0.038773   0.183450
 -0.001633   0.039688  -0.068441
  0.001621   0.039701  -0.068437
  0.401780   0.591382   0.067142
 -0.401789   0.591389   0.067153
 -0.386345   0.580343  -0.046080
  0.386333   0.580344  -0.046079
 -0.062307  -0.080992   0.002273
  0.062292  -0.080991   0.002271
 -1.300334   1.662656  -1.284909
  1.300325   1.662659  -1.284903
 -0.000005   3.687835   2.627949
  0.000000  -0.303948   0.100135
 -0.000012   0.088551  -0.099891
 -0.000002   0.041171  -0.059965
    7    3  0.0000  0.0000  1.0000
  0.000007  -0.003593   0.020293
  0.000007   0.006915   0.024381
  0.000011  -0.007203   1.211965
  0.000005   0.233957   0.234292
  0.000004   0.009476  -0.037901
  0.000010   0.028423  -0.077104
 -0.000155  -0.031592 -10.861412
  0.000010  -0.056667  -0.453319
  0.194469   0.068516   0.129097
 -0.194461   0.068509   0.129087
 -0.005239  -0.183379   0.124720
  0.005249  -0.183386   0.124713
 -0.036345  -0.023898  -0.245836
  0.036350  -0.023903  -0.245827
  0.004601   0.047607  -0.244525
 -0.004581   0.047606  -0.244531
  0.010130  -0.046648   0.052141
 -0.010117  -0.046645   0.052141
  2.530164  -1.408380   3.276129
 -2.530146  -1.408377   3.276135
  0.000003   2.842265   3.244097
  0.000009   0.016229   0.271182
  0.000007  -0.015844   0.154259
  0.000008   0.070012   0.085823
    8    1  1.0000  0.0000  0.0000
 -0.058052   0.000003   0.000005
  0.030041   0.000003  -0.000020
  0.237354   0.000003  -0.000004
 -0.347926  -0.000019  -0.000023
 -0.024618  -0.000002  -0.000016
  0.037316  -0.000003   0.000005
  1.675863  -0.000003  -0.000010
 -8.375118  -0.000106   0.000107
 -0.062360  -0.041854   0.038478
 -0.062356   0.041863  -0.038471
 -0.068013   0.188424  -0.204780
 -0.068005  -0.188401   0.204774
  0.119756  -0.420402  -0.035001
  0.119756   0.420411   0.034984
  0.126095   0.430507  -0.046646
  0.126083  -0.430481   0.046629
  0.018346  -0.076900  -0.025343
  0.018358   0.076913   0.025335
  2.953538   1.142937  -2.208055
  2.953547  -1.142942   2.208068
  0.033187  -0.000003  -0.000013
  0.877678   0.000019   0.000006
 -0.018880   0.000012  -0.000002
 -0.241589   0.000019  -0.000008
    8    2  0.0000  1.0000  0.0000
 -0.000002   0.025566  -0.004893
  0.000011   0.060264  -0.002643
  0.000003  -0.277781  -0.227461
  0.000007  -0.326731   0.005445
  0.000001   0.057201   0.023098
  0.000010   0.007505   0.010691
  0.000003  -0.202383  -0.052489
 -0.000131  -8.521225  -0.026861
 -0.169446   0.038791   0.183473
  0.169469   0.038793   0.183473
  0.001640   0.039709  -0.068424
 -0.001632   0.039719  -0.068439
 -0.401805   0.591416   0.067141
  0.401818   0.591422   0.067139
  0.386371   0.580374  -0.046100
 -0.386361   0.580376  -0.046084
  0.062310  -0.080978   0.002271
 -0.062301  -0.080981   0.002268
  1.300332   1.662653  -1.284911
 -1.300322   1.662661  -1.284898
 -0.000001  -0.303956   0.100130
  0.000008   3.687832   2.627932
  0.000004   0.041183  -0.059965
  0.000014   0.088573  -0.099892
    8    3  0.0000  0.0000  1.0000
 -0.000004   0.006911   0.024399
 -0.000013  -0.003618   0.020311
 -0.000003   0.233923   0.234326
 -0.000002  -0.007196   1.211969
 -0.000003   0.028414  -0.077078
 -0.000006   0.009450  -0.037894
 -0.000004  -0.056693  -0.453320
  0.000147  -0.031495 -10.861776
 -0.194433   0.068523   0.129105
  0.194418   0.068530   0.129120
  0.005240  -0.183386   0.124738
 -0.005249  -0.183382   0.124730
  0.036376  -0.023893  -0.245817
 -0.036384  -0.023883  -0.245828
 -0.004600   0.047607  -0.244522
  0.004587   0.047602  -0.244529
 -0.010132  -0.046648   0.052159
  0.010118  -0.046650   0.052156
 -2.530178  -1.408392   3.276161
  2.530159  -1.408383   3.276163
 -0.000014   0.016230   0.271187
 -0.000002   2.842287   3.244122
 -0.000007   0.069999   0.085841
 -0.000010  -0.015855   0.154276
    9    1  1.0000  0.0000  0.0000
  0.119731  -0.420392   0.035008
  0.119717   0.420386  -0.035000
  0.126081   0.430518   0.046620
  0.126069  -0.430522  -0.046616
 -0.062388  -0.041873  -0.038492
 -0.062378   0.041874   0.038494
 -0.068033   0.188445   0.204820
 -0.068035  -0.188441  -0.204809
 -8.374660  -0.000015  -0.000023
  1.675805   0.000004  -0.000003
  0.037340   0.000006  -0.000000
 -0.024693  -0.000002   0.000011
 -0.348017  -0.000010   0.000015
  0.237341   0.000002  -0.000002
  0.030058   0.000003   0.000010
 -0.058123   0.000003  -0.000010
  0.877709   0.000016  -0.000009
  0.033159   0.000001   0.000006
 -0.241661   0.000008   0.000004
 -0.018891  -0.000000   0.000002
  2.953609   1.142964   2.208091
  2.953616  -1.142980  -2.208118
  0.018317  -0.076889   0.025338
  0.018327   0.076895  -0.025335
    9    2  0.0000  1.0000  0.0000
 -0.401817   0.591354  -0.067168
  0.401818   0.591357  -0.067163
  0.386369   0.580372   0.046105
 -0.386365   0.580368   0.046106
 -0.169474   0.038771  -0.183421
  0.169472   0.038765  -0.183415
  0.001624   0.039699   0.068375
 -0.001619   0.039703   0.068369
 -0.000046  -8.520686   0.026755
 -0.000001  -0.202354   0.052459
  0.000002   0.007483  -0.010723
  0.000008   0.057190  -0.023140
  0.000005  -0.326722  -0.005467
  0.000002  -0.277758   0.227404
 -0.000001   0.060224   0.002666
  0.000001   0.025560   0.004926
  0.000001   3.687550  -2.627631
  0.000002  -0.303930  -0.100137
  0.000005   0.088510   0.099890
  0.000003   0.041167   0.059961
  1.300371   1.662680   1.284908
 -1.300370   1.662682   1.284912
  0.062298  -0.080993  -0.002288
 -0.062291  -0.080995  -0.002284
    9    3  0.0000  0.0000  1.0000
 -0.036409   0.023905  -0.245892
  0.036412   0.023899  -0.245879
  0.004584  -0.047645  -0.244561
 -0.004581  -0.047648  -0.244562
  0.194395  -0.068535   0.129127
 -0.194387  -0.068533   0.129126
 -0.005230   0.183379   0.124756
  0.005231   0.183380   0.124761
 -0.000038   0.031371 -10.861057
  0.000001   0.056684  -0.453344
  0.000002  -0.009461  -0.037903
 -0.000007  -0.028441  -0.077080
  0.000002   0.007196   1.212069
  0.000002  -0.233892   0.234286
  0.000003   0.003597   0.020306
 -0.000007  -0.006927   0.024384
  0.000005  -2.841900   3.243801
  0.000006  -0.016199   0.271117
  0.000002   0.015874   0.154261
  0.000005  -0.070026   0.085822
  2.530208   1.408331   3.276094
 -2.530206   1.408328   3.276104
  0.010119   0.046632   0.052131
 -0.010112   0.046630   0.052131
   10    1  1.0000  0.0000  0.0000
  0.119750   0.420353  -0.034964
  0.119754  -0.420359   0.034962
  0.126099  -0.430483  -0.046646
  0.126108   0.430474   0.046633
 -0.062349   0.041819   0.038455
 -0.062360  -0.041829  -0.038459
 -0.068015  -0.188400  -0.204784
 -0.068002   0.188372   0.204778
  1.675769   0.000005   0.000000
 -8.375235   0.000091   0.000084
 -0.024608  -0.000004  -0.000002
  0.037300  -0.000002  -0.000011
  0.237253   0.000005  -0.000017
 -0.347872  -0.000009   0.000005
 -0.058032  -0.000002  -0.000005
  0.030015  -0.000001   0.000008
  0.033166  -0.000003   0.000002
  0.877746   0.000014  -0.000008
 -0.018882  -0.000010  -0.000004
 -0.241622  -0.000004  -0.000001
  2.953656  -1.142976  -2.208122
  2.953660   1.142949   2.208109
  0.018354   0.076902  -0.025341
  0.018346  -0.076902   0.025331
   10    2  0.0000  1.0000  0.0000
  0.401814   0.591386  -0.067223
 -0.401815   0.591371  -0.067229
 -0.386376   0.580392   0.046170
  0.386375   0.580389   0.046163
  0.169481   0.038784  -0.183383
 -0.169477   0.038785  -0.183379
 -0.001622   0.039716   0.068339
  0.001614   0.039719   0.068350
 -0.000003  -0.202326   0.052498
  0.000058  -8.520848   0.026622
 -0.000005   0.057181  -0.023161
 -0.000010   0.007466  -0.010727
 -0.000005  -0.277733   0.227424
 -0.000007  -0.326707  -0.005482
 -0.000003   0.025553   0.004943
 -0.000004   0.060222   0.002673
 -0.000001  -0.303931  -0.100137
 -0.000003   3.687481  -2.627539
 -0.000001   0.041186   0.059975
 -0.000006   0.088530   0.099900
 -1.300335   1.662668   1.284882
  1.300337   1.662670   1.284887
 -0.062299  -0.080978  -0.002283
  0.062294  -0.080976  -0.002282
   10    3  0.0000  0.0000  1.0000
  0.036417   0.023896  -0.245855
 -0.036424   0.023904  -0.245851
 -0.004582  -0.047657  -0.244544
  0.004574  -0.047648  -0.244548
 -0.194383  -0.068535   0.129146
  0.194377  -0.068530   0.129140
  0.005230   0.183375   0.124775
 -0.005240   0.183382   0.124763
 -0.000005   0.056698  -0.453315
  0.000055   0.031225 -10.861515
 -0.000003  -0.028433  -0.077050
  0.000003  -0.009445  -0.037884
 -0.000000  -0.233879   0.234317
 -0.000005   0.007207   1.212047
 -0.000008  -0.006918   0.024416
  0.000002   0.003619   0.020320
 -0.000003  -0.016191   0.271142
  0.000000  -2.841880   3.243811
 -0.000005  -0.070021   0.085851
 -0.000004   0.015876   0.154281
 -2.530206   1.408342   3.276119
  2.530212   1.408341   3.276127
 -0.010121   0.046639   0.052155
  0.010119   0.046634   0.052153
   11    1  1.0000  0.0000  0.0000
  0.126103   0.430460   0.046650
  0.126098  -0.430481  -0.046654
  0.119759  -0.420384   0.034993
  0.119752   0.420365  -0.035009
 -0.068006   0.188375   0.204774
 -0.068009  -0.188391  -0.204776
 -0.062359  -0.041850  -0.038494
 -0.062353   0.041835   0.038491
  0.037349  -0.000003  -0.000017
 -0.024658  -0.000010  -0.000003
 -8.375173   0.000103   0.000098
  1.675740   0.000011   0.000003
  0.030071  -0.000002   0.000010
 -0.058084  -0.000001  -0.000006
 -0.347847  -0.000013  -0.000002
  0.237220   0.000006  -0.000008
 -0.241627  -0.000001  -0.000003
 -0.018878  -0.000010  -0.000005
  0.877731   0.000017  -0.000012
  0.033173  -0.000004  -0.000000
  0.018338  -0.076903   0.025329
  0.018352   0.076900  -0.025339
  2.953658   1.142971   2.208115
  2.953652  -1.142991  -2.208135
   11    2  0.0000  1.0000  0.0000
  0.386343   0.580384   0.046113
 -0.386351   0.580388   0.046107
 -0.401821   0.591356  -0.067184
  0.401824   0.591365  -0.067174
  0.001606   0.039719   0.068369
 -0.001607   0.039723   0.068358
 -0.169494   0.038781  -0.183407
  0.169491   0.038777  -0.183408
 -0.000004   0.007454  -0.010707
  0.000004   0.057185  -0.023140
  0.000063  -8.520992   0.026725
 -0.000012  -0.202312   0.052468
 -0.000011   0.060206   0.002656
  0.000001   0.025555   0.004935
 -0.000004  -0.326697  -0.005450
 -0.000008  -0.277708   0.227413
 -0.000004   0.088498   0.099888
  0.000001   0.041160   0.059963
 -0.000006   3.687612  -2.627661
 -0.000002  -0.303889  -0.100136
  0.062285  -0.081011  -0.002288
 -0.062292  -0.081016  -0.002287
  1.300377   1.662734   1.284926
 -1.300377   1.662730   1.284920
   11    3  0.0000  0.0000  1.0000
  0.004579  -0.047655  -0.244564
 -0.004582  -0.047655  -0.244552
 -0.036436   0.023909  -0.245867
  0.036422   0.023903  -0.245868
 -0.005234   0.183377   0.124732
  0.005228   0.183372   0.124739
  0.194369  -0.068521   0.129104
 -0.194377  -0.068528   0.129101
  0.000001  -0.009463  -0.037897
 -0.000007  -0.028432  -0.077078
  0.000071   0.031343 -10.861159
 -0.000008   0.056699  -0.453317
  0.000001   0.003609   0.020305
 -0.000000  -0.006920   0.024379
 -0.000003   0.007171   1.212222
 -0.000005  -0.233876   0.234271
 -0.000004   0.015879   0.154262
 -0.000003  -0.070019   0.085812
 -0.000003  -2.841917   3.243807
 -0.000004  -0.016207   0.271108
  0.010115   0.046629   0.052129
 -0.010121   0.046634   0.052129
  2.530207   1.408338   3.276103
 -2.530207   1.408333   3.276101
   12    1  1.0000  0.0000  0.0000
  0.126125  -0.430477  -0.046638
  0.126137   0.430485   0.046653
  0.119779   0.420372  -0.034990
  0.119785  -0.420375   0.034991
 -0.067979  -0.188394  -0.204785
 -0.067977   0.188390   0.204791
 -0.062328   0.041836   0.038482
 -0.062328  -0.041842  -0.038475
 -0.024600   0.000006   0.000006
  0.037358  -0.000001   0.000001
  1.675783   0.000002   0.000005
 -8.375839  -0.000012  -0.000034
 -0.058044   0.000005  -0.000006
  0.030077   0.000001   0.000017
  0.237258   0.000006  -0.000008
 -0.347832  -0.000009   0.000007
 -0.018846  -0.000002   0.000000
 -0.241603   0.000008   0.000002
  0.033206  -0.000002   0.000009
  0.877759   0.000019  -0.000003
  0.018382   0.076902  -0.025338
  0.018372  -0.076901   0.025339
  2.953682  -1.142967  -2.208124
  2.953673   1.142949   2.208097
   12    2  0.0000  1.0000  0.0000
 -0.386345   0.580395   0.046085
  0.386345   0.580397   0.046088
  0.401806   0.591367  -0.067150
 -0.401798   0.591365  -0.067155
 -0.001603   0.039719   0.068403
  0.001606   0.039716   0.068401
  0.169457   0.038782  -0.183424
 -0.169450   0.038779  -0.183411
  0.000003   0.057234  -0.023119
 -0.000000   0.007511  -0.010698
 -0.000002  -0.202314   0.052486
 -0.000053  -8.521405   0.026521
  0.000007   0.025609   0.004923
  0.000005   0.060256   0.002666
  0.000002  -0.277713   0.227403
  0.000001  -0.326662  -0.005430
  0.000003   0.041191   0.059973
  0.000007   0.088526   0.099894
  0.000002  -0.303901  -0.100125
  0.000004   3.687650  -2.627666
 -0.062289  -0.080968  -0.002283
  0.062291  -0.080970  -0.002278
 -1.300391   1.662719   1.284948
  1.300393   1.662717   1.284949
   12    3  0.0000  0.0000  1.0000
 -0.004574  -0.047639  -0.244541
  0.004586  -0.047639  -0.244534
  0.036405   0.023898  -0.245865
 -0.036394   0.023909  -0.245849
  0.005235   0.183383   0.124774
 -0.005227   0.183395   0.124778
 -0.194390  -0.068520   0.129143
  0.194406  -0.068529   0.129158
 -0.000000  -0.028421  -0.077056
  0.000005  -0.009457  -0.037883
  0.000001   0.056685  -0.453298
 -0.000072   0.031167 -10.861807
 -0.000001  -0.006913   0.024412
  0.000000   0.003616   0.020331
  0.000005  -0.233889   0.234319
 -0.000007   0.007186   1.212255
  0.000002  -0.070013   0.085845
  0.000003   0.015884   0.154289
  0.000005  -0.016196   0.271129
  0.000001  -2.841899   3.243822
 -0.010116   0.046642   0.052153
  0.010124   0.046643   0.052155
 -2.530212   1.408353   3.276134
  2.530213   1.408354   3.276135
   13    1  1.0000  0.0000  0.0000
 -0.062380  -0.041831   0.038461
 -0.062373   0.041830  -0.038473
 -0.068029   0.188384  -0.204777
 -0.068033  -0.188388   0.204783
  0.119740  -0.420363  -0.034988
  0.119733   0.420355   0.034978
  0.126089   0.430474  -0.046654
  0.126069  -0.430472   0.046641
 -0.347877  -0.000015  -0.000010
  0.237218   0.000004   0.000000
  0.030014   0.000001  -0.000018
 -0.058074   0.000006   0.000008
 -8.374756  -0.000013   0.000025
  1.675732   0.000009   0.000004
  0.037301   0.000003   0.000011
 -0.024642   0.000001  -0.000012
  0.877719   0.000018   0.000008
  0.033154   0.000001  -0.000006
 -0.241639   0.000007  -0.000005
 -0.018896   0.000002  -0.000002
  2.953631   1.142971  -2.208107
  2.953639  -1.142988   2.208132
  0.018325  -0.076900  -0.025337
  0.018334   0.076903   0.025337
   13    2  0.0000  1.0000  0.0000
 -0.169460   0.038757   0.183409
  0.169467   0.038762   0.183404
  0.001626   0.039691  -0.068362
 -0.001617   0.039695  -0.068378
 -0.401808   0.591354   0.067193
  0.401811   0.591356   0.067186
  0.386371   0.580363  -0.046124
 -0.386364   0.580366  -0.046131
  0.000002  -0.326698   0.005476
  0.000008  -0.277745  -0.227393
 -0.000005   0.060229  -0.002670
  0.000008   0.025562  -0.004917
 -0.000058  -8.520688  -0.026740
 -0.000004  -0.202340  -0.052482
  0.000002   0.007477   0.010720
  0.000009   0.057196   0.023139
  0.000001   3.687523   2.627619
 -0.000001  -0.303943   0.100139
  0.000004   0.088524  -0.099894
  0.000002   0.041180  -0.059964
  1.300367   1.662663  -1.284900
 -1.300367   1.662669  -1.284904
  0.062305  -0.080977   0.002286
 -0.062300  -0.080978   0.002287
   13    3  0.0000  0.0000  1.0000
 -0.194390   0.068533   0.129075
  0.194379   0.068540   0.129079
  0.005249  -0.183375   0.124707
 -0.005249  -0.183373   0.124701
  0.036406  -0.023893  -0.245841
 -0.036414  -0.023891  -0.245834
 -0.004580   0.047637  -0.244520
  0.004576   0.047639  -0.244534
  0.000004  -0.007183   1.212091
 -0.000005   0.233886   0.234287
 -0.000008  -0.003601   0.020285
  0.000003   0.006933   0.024379
  0.000045  -0.031388 -10.861126
  0.000002  -0.056692  -0.453334
 -0.000006   0.009454  -0.037900
  0.000004   0.028424  -0.077107
 -0.000005   2.841967   3.243840
 -0.000004   0.016207   0.271150
 -0.000001  -0.015876   0.154264
 -0.000004   0.069995   0.085818
 -2.530235  -1.408363   3.276116
  2.530237  -1.408359   3.276121
 -0.010119  -0.046614   0.052143
  0.010115  -0.046609   0.052140
   14    1  1.0000  0.0000  0.0000
 -0.062350   0.041817  -0.038469
 -0.062353  -0.041829   0.038468
 -0.068014  -0.188390   0.204773
 -0.068000   0.188363  -0.204771
  0.119756   0.420349   0.034983
  0.119762  -0.420359  -0.034976
  0.126100  -0.430474   0.046661
  0.126117   0.430451  -0.046651
  0.237211   0.000004   0.000016
 -0.347833  -0.000013  -0.000009
 -0.058044   0.000003   0.000012
  0.030030   0.000005  -0.000007
  1.675735   0.000002  -0.000004
 -8.375251   0.000112  -0.000092
 -0.024612  -0.000006   0.000004
  0.037318  -0.000001   0.000016
  0.033174  -0.000004  -0.000000
  0.877742   0.000013   0.000011
 -0.018879  -0.000009   0.000003
 -0.241624  -0.000006   0.000005
  2.953652  -1.142970   2.208123
  2.953657   1.142950  -2.208105
  0.018356   0.076901   0.025342
  0.018348  -0.076908  -0.025334
   14    2  0.0000  1.0000  0.0000
  0.169426   0.038764   0.183443
 -0.169429   0.038758   0.183422
 -0.001624   0.039707  -0.068425
  0.001617   0.039701  -0.068424
  0.401775   0.591351   0.067140
 -0.401781   0.591349   0.067144
 -0.386350   0.580385  -0.046082
  0.386346   0.580388  -0.046069
 -0.000003  -0.277743  -0.227402
 -0.000008  -0.326683   0.005453
 -0.000003   0.025598  -0.004906
 -0.000006   0.060265  -0.002635
 -0.000002  -0.202332  -0.052464
  0.000070  -8.521040  -0.026579
 -0.000002   0.057216   0.023109
 -0.000000   0.007522   0.010675
  0.000001  -0.303921   0.100132
 -0.000006   3.687584   2.627631
 -0.000003   0.041183  -0.059973
 -0.000006   0.088518  -0.099893
 -1.300380   1.662686  -1.284930
  1.300375   1.662688  -1.284933
 -0.062298  -0.080976   0.002283
  0.062291  -0.080970   0.002284
   14    3  0.0000  0.0000  1.0000
  0.194367   0.068528   0.129100
 -0.194361   0.068534   0.129098
 -0.005237  -0.183353   0.124721
  0.005240  -0.183357   0.124714
 -0.036427  -0.023897  -0.245830
  0.036431  -0.023905  -0.245823
  0.004582   0.047664  -0.244523
 -0.004580   0.047659  -0.244516
  0.000002   0.233862   0.234311
  0.000006  -0.007202   1.212032
  0.000004   0.006918   0.024405
  0.000006  -0.003621   0.020304
  0.000003  -0.056714  -0.453309
 -0.000068  -0.031244 -10.861475
  0.000003   0.028421  -0.077087
  0.000005   0.009432  -0.037895
  0.000008   0.016178   0.271153
  0.000001   2.841956   3.243864
  0.000009   0.070013   0.085839
  0.000005  -0.015854   0.154276
  2.530263  -1.408381   3.276159
 -2.530270  -1.408383   3.276164
  0.010127  -0.046631   0.052158
 -0.010117  -0.046624   0.052158
   15    1  1.0000  0.0000  0.0000
 -0.068029   0.188464  -0.204827
 -0.068027  -0.188489   0.204827
 -0.062370  -0.041879   0.038509
 -0.062371   0.041870  -0.038504
  0.126084   0.430526  -0.046592
  0.126076  -0.430546   0.046602
  0.119733  -0.420398  -0.035000
  0.119725   0.420381   0.035015
  0.030085  -0.000005  -0.000011
 -0.058131   0.000003   0.000010
 -0.348037  -0.000012  -0.000006
  0.237392   0.000007   0.000016
  0.037362  -0.000007   0.000016
 -0.024687  -0.000002  -0.000006
 -8.374934   0.000111  -0.000107
  1.675835  -0.000004   0.000000
 -0.241658  -0.000002   0.000004
 -0.018871  -0.000010   0.000007
  0.877710   0.000018   0.000013
  0.033173  -0.000005  -0.000001
  0.018324  -0.076881  -0.025328
  0.018341   0.076878   0.025340
  2.953641   1.142979  -2.208098
  2.953636  -1.142996   2.208122
   15    2  0.0000  1.0000  0.0000
  0.001623   0.039692  -0.068392
 -0.001626   0.039697  -0.068383
 -0.169440   0.038760   0.183425
  0.169437   0.038759   0.183432
  0.386372   0.580381  -0.046094
 -0.386379   0.580379  -0.046095
 -0.401787   0.591359   0.067175
  0.401786   0.591370   0.067159
 -0.000002   0.060270  -0.002665
  0.000001   0.025598  -0.004913
 -0.000005  -0.326669   0.005443
 -0.000005  -0.277750  -0.227391
 -0.000002   0.007510   0.010720
 -0.000005   0.057223   0.023122
  0.000057  -8.521043  -0.026706
 -0.000002  -0.202337  -0.052495
 -0.000006   0.088530  -0.099892
 -0.000001   0.041182  -0.059966
 -0.000004   3.687572   2.627639
 -0.000003  -0.303923   0.100139
  0.062297  -0.080967   0.002286
 -0.062304  -0.080971   0.002284
  1.300377   1.662693  -1.284918
 -1.300376   1.662686  -1.284914
   15    3  0.0000  0.0000  1.0000
  0.005243  -0.183369   0.124708
 -0.005232  -0.183367   0.124712
 -0.194362   0.068533   0.129076
  0.194375   0.068530   0.129062
 -0.004570   0.047657  -0.244527
  0.004574   0.047658  -0.244510
  0.036437  -0.023892  -0.245834
 -0.036425  -0.023898  -0.245840
 -0.000001  -0.003618   0.020294
  0.000004   0.006938   0.024373
  0.000005  -0.007177   1.212204
 -0.000002   0.233872   0.234289
 -0.000001   0.009450  -0.037915
  0.000012   0.028423  -0.077117
 -0.000083  -0.031375 -10.861245
  0.000005  -0.056712  -0.453328
  0.000004  -0.015870   0.154265
  0.000007   0.070000   0.085815
  0.000001   2.841986   3.243843
  0.000005   0.016203   0.271144
 -0.010114  -0.046615   0.052133
  0.010118  -0.046617   0.052135
 -2.530248  -1.408371   3.276137
  2.530247  -1.408370   3.276126
   16    1  1.0000  0.0000  0.0000
 -0.067993  -0.188484   0.204825
 -0.067993   0.188475  -0.204833
 -0.062340   0.041865  -0.038498
 -0.062335  -0.041869   0.038490
  0.126111  -0.430533   0.046594
  0.126118   0.430542  -0.046602
  0.119755   0.420385   0.034984
  0.119759  -0.420383  -0.034994
 -0.058069   0.000008   0.000010
  0.030083   0.000005  -0.000017
  0.237428   0.000007   0.000000
 -0.348010  -0.000016  -0.000017
 -0.024621   0.000007  -0.000006
  0.037354  -0.000002   0.000011
  1.675871   0.000003  -0.000007
 -8.375663  -0.000014   0.000049
 -0.018842  -0.000001  -0.000001
 -0.241626   0.000008  -0.000004
  0.033201  -0.000005  -0.000009
  0.877748   0.000020   0.000007
  0.018371   0.076888   0.025338
  0.018361  -0.076885  -0.025337
  2.953672  -1.142971   2.208113
  2.953661   1.142952  -2.208095
   16    2  0.0000  1.0000  0.0000
 -0.001656   0.039762  -0.068333
  0.001656   0.039758  -0.068333
  0.169494   0.038832   0.183392
 -0.169485   0.038828   0.183392
 -0.386417   0.580441  -0.046194
  0.386426   0.580448  -0.046203
  0.401825   0.591436   0.067237
 -0.401820   0.591434   0.067242
  0.000007   0.025525  -0.004946
  0.000003   0.060230  -0.002721
  0.000002  -0.277727  -0.227432
 -0.000000  -0.326729   0.005465
  0.000004   0.057158   0.023133
 -0.000002   0.007462   0.010749
 -0.000005  -0.202318  -0.052511
 -0.000061  -8.521309  -0.026520
  0.000004   0.041209  -0.059973
  0.000006   0.088559  -0.099909
  0.000003  -0.303905   0.100138
  0.000005   3.687448   2.627488
 -0.062307  -0.080961   0.002279
  0.062311  -0.080960   0.002276
 -1.300314   1.662692  -1.284859
  1.300319   1.662688  -1.284858
   16    3  0.0000  0.0000  1.0000
 -0.005248  -0.183387   0.124759
  0.005240  -0.183390   0.124751
  0.194396   0.068524   0.129131
 -0.194407   0.068522   0.129123
  0.004572   0.047645  -0.244500
 -0.004574   0.047643  -0.244503
 -0.036403  -0.023899  -0.245814
  0.036387  -0.023896  -0.245816
 -0.000007   0.006928   0.024445
 -0.000005  -0.003611   0.020345
 -0.000003   0.233891   0.234325
 -0.000004  -0.007197   1.212261
  0.000004   0.028412  -0.077110
 -0.000010   0.009453  -0.037897
  0.000004  -0.056704  -0.453282
  0.000079  -0.031197 -10.862104
 -0.000002   0.069990   0.085859
 -0.000004  -0.015886   0.154316
 -0.000006   0.016207   0.271188
 -0.000004   2.841943   3.243857
  0.010111  -0.046618   0.052180
 -0.010120  -0.046618   0.052178
  2.530220  -1.408379   3.276157
 -2.530218  -1.408375   3.276152
   17    1  1.0000  0.0000  0.0000
  2.982374  -1.268250  -2.402047
  2.982402   1.268261   2.402105
  0.027414  -0.067938  -0.005023
  0.027397   0.067976   0.004991
  2.982385  -1.268252   2.402043
  2.982395   1.268259  -2.402104
  0.027412  -0.067937   0.005049
  0.027398   0.067976  -0.005013
  0.935135  -0.000011  -0.000014
  0.097020  -0.000008  -0.000013
 -0.239499   0.000028   0.000025
 -0.004404  -0.000004   0.000002
  0.935137   0.000001   0.000002
  0.097022  -0.000009  -0.000008
 -0.239500   0.000024   0.000013
 -0.004405  -0.000004  -0.000022
-14.389817  -0.000201   0.000003
  0.064417   0.000011   0.000003
  0.350800   0.000020   0.000002
 -0.045611   0.000015   0.000003
  0.097687   0.954255   0.000000
  0.097673  -0.954253   0.000001
  0.104588   0.828851   0.000001
  0.104580  -0.828810   0.000002
   17    2  0.0000  1.0000  0.0000
 -1.033164   1.775205   1.326564
  1.033169   1.775197   1.326586
  0.055097  -0.037755   0.052553
 -0.055089  -0.037764   0.052574
 -1.033174   1.775210  -1.326592
  1.033168   1.775195  -1.326595
  0.055097  -0.037754  -0.052571
 -0.055099  -0.037763  -0.052571
 -0.000001   3.590580  -2.681432
 -0.000001  -0.370029  -0.026852
 -0.000003   0.085884   0.026407
  0.000007   0.029064  -0.077323
 -0.000009   3.590586   2.681432
  0.000006  -0.370037   0.026875
 -0.000005   0.085884  -0.026402
  0.000002   0.029071   0.077338
 -0.000023 -14.664014  -0.000003
 -0.000001   0.077374   0.000004
 -0.000005   0.057042   0.000000
  0.000006   0.340019  -0.000001
 -0.843527   0.148190   0.000002
  0.843538   0.148191   0.000006
 -0.930763   0.136206   0.000000
  0.930773   0.136217   0.000001
   17    3  0.0000  0.0000  1.0000
 -2.089009   1.195184   3.246936
  2.089002   1.195194   3.246918
 -0.032571  -0.008053   0.057852
  0.032577  -0.008071   0.057858
  2.089455  -1.195300   3.246961
 -2.089449  -1.195294   3.246961
  0.032644   0.007977   0.057897
 -0.032645   0.007955   0.057867
 -0.000014  -2.460284   3.214064
  0.000013  -0.143840   0.305898
  0.000008   0.143817   0.173169
 -0.000004   0.084052   0.092004
 -0.000013   2.460630   3.214267
  0.000017   0.143693   0.305643
  0.000003  -0.143684   0.173133
 -0.000021  -0.083962   0.091867
  0.000007  -0.000030 -19.015334
  0.000002  -0.000030  -0.654338
 -0.000003   0.000005   0.041859
  0.000000  -0.000002   0.059493
  0.000058   0.000013  -0.302979
 -0.000059   0.000013  -0.302978
  0.000083   0.000007  -0.307509
 -0.000078   0.000009  -0.307510
   18    1  1.0000  0.0000  0.0000
  2.982447   1.268164   2.401921
  2.982443  -1.268165  -2.401943
  0.027448   0.067993   0.005008
  0.027462  -0.067952  -0.005007
  2.982447   1.268159  -2.401960
  2.982445  -1.268167   2.401926
  0.027449   0.067992  -0.005008
  0.027462  -0.067955   0.005028
  0.097063   0.000004   0.000007
  0.935354   0.000019   0.000029
 -0.004337  -0.000014   0.000006
 -0.239471   0.000011  -0.000001
  0.097057   0.000005  -0.000006
  0.935352   0.000022   0.000031
 -0.004333  -0.000012   0.000011
 -0.239470   0.000011  -0.000001
  0.064343   0.000007  -0.000006
-14.391228  -0.000165   0.000000
 -0.045552   0.000003  -0.000007
  0.350846   0.000006  -0.000003
  0.097737  -0.954172  -0.000006
  0.097755   0.954199  -0.000007
  0.104639  -0.828872  -0.000006
  0.104644   0.828879  -0.000005
   18    2  0.0000  1.0000  0.0000
  1.033107   1.775296   1.326522
 -1.033097   1.775282   1.326519
 -0.055124  -0.037710   0.052561
  0.055124  -0.037720   0.052557
  1.033110   1.775298  -1.326532
 -1.033102   1.775286  -1.326533
 -0.055125  -0.037713  -0.052552
  0.055120  -0.037716  -0.052568
 -0.000005  -0.369960  -0.026870
  0.000004   3.590639  -2.681322
 -0.000010   0.029139  -0.077292
  0.000002   0.085975   0.026408
 -0.000012  -0.369953   0.026874
  0.000012   3.590632   2.681341
 -0.000008   0.029141   0.077298
  0.000003   0.085984  -0.026415
 -0.000004   0.077453   0.000005
  0.000026 -14.665470  -0.000007
 -0.000007   0.340075   0.000004
  0.000003   0.057108  -0.000000
  0.843557   0.148214   0.000001
 -0.843572   0.148216   0.000002
  0.930735   0.136250  -0.000001
 -0.930735   0.136253   0.000000
   18    3  0.0000  0.0000  1.0000
  2.088941   1.195152   3.246992
 -2.088942   1.195163   3.247006
  0.032571  -0.008064   0.057931
 -0.032572  -0.008039   0.057916
 -2.089418  -1.195264   3.247023
  2.089419  -1.195271   3.247053
 -0.032646   0.007963   0.057932
  0.032639   0.007988   0.057953
  0.000027  -0.143859   0.305972
 -0.000013  -2.460209   3.214096
  0.000004   0.084044   0.092071
 -0.000003   0.143823   0.173244
  0.000023   0.143688   0.305711
 -0.000024   2.460568   3.214319
  0.000002  -0.083972   0.091933
 -0.000004  -0.143695   0.173204
  0.000008  -0.000032  -0.654289
 -0.000005  -0.000030 -19.016722
  0.000006  -0.000000   0.059543
 -0.000006   0.000009   0.041903
 -0.000062   0.000018  -0.302934
  0.000060   0.000018  -0.302938
 -0.000087   0.000002  -0.307462
  0.000084   0.000000  -0.307456
   19    1  1.0000  0.0000  0.0000
  0.027475  -0.067934  -0.005045
  0.027464   0.067947   0.005017
  2.982461  -1.268375  -2.402220
  2.982471   1.268395   2.402242
  0.027476  -0.067930   0.005029
  0.027459   0.067951  -0.005018
  2.982448  -1.268379   2.402211
  2.982469   1.268392  -2.402262
 -0.239402   0.000015  -0.000005
 -0.004383  -0.000006   0.000006
  0.934987   0.000020   0.000022
  0.097107  -0.000002  -0.000001
 -0.239394   0.000018  -0.000001
 -0.004380  -0.000017   0.000020
  0.934991   0.000008   0.000019
  0.097102   0.000003  -0.000016
  0.350872   0.000006   0.000003
 -0.045566   0.000000  -0.000001
-14.391091  -0.000147   0.000004
  0.064637   0.000010   0.000001
  0.104645   0.828799  -0.000003
  0.104646  -0.828787   0.000000
  0.097757   0.954313  -0.000001
  0.097747  -0.954300  -0.000001
   19    2  0.0000  1.0000  0.0000
  0.055071  -0.037697   0.052576
 -0.055080  -0.037690   0.052574
 -1.033206   1.775209   1.326622
  1.033203   1.775209   1.326614
  0.055074  -0.037696  -0.052574
 -0.055086  -0.037689  -0.052568
 -1.033206   1.775214  -1.326628
  1.033204   1.775211  -1.326623
  0.000004   0.085897   0.026410
 -0.000010   0.029120  -0.077350
  0.000004   3.590659  -2.681517
  0.000002  -0.369991  -0.026869
  0.000008   0.085899  -0.026409
 -0.000007   0.029117   0.077342
  0.000010   3.590649   2.681526
 -0.000006  -0.369992   0.026869
  0.000004   0.057090  -0.000001
 -0.000003   0.340068  -0.000005
  0.000027 -14.665074   0.000008
  0.000004   0.077406   0.000007
 -0.930795   0.136288  -0.000008
  0.930788   0.136277  -0.000002
 -0.843522   0.148258   0.000006
  0.843519   0.148258  -0.000001
   19    3  0.0000  0.0000  1.0000
 -0.032571  -0.008042   0.057904
  0.032575  -0.008044   0.057913
 -2.089088   1.195250   3.247008
  2.089087   1.195254   3.246998
  0.032643   0.007990   0.057919
 -0.032652   0.007981   0.057920
  2.089522  -1.195326   3.247024
 -2.089517  -1.195322   3.247022
  0.000004   0.143787   0.173213
 -0.000005   0.084034   0.092050
 -0.000001  -2.460388   3.214100
  0.000003  -0.143842   0.305891
  0.000003  -0.143690   0.173193
 -0.000004  -0.083980   0.091920
 -0.000007   2.460690   3.214314
  0.000010   0.143664   0.305650
  0.000001   0.000005   0.041927
  0.000001   0.000002   0.059549
 -0.000003  -0.000027 -19.016603
 -0.000002  -0.000028  -0.654257
  0.000079   0.000006  -0.307427
 -0.000077   0.000008  -0.307430
  0.000057   0.000008  -0.302901
 -0.000057   0.000010  -0.302895
   20    1  1.0000  0.0000  0.0000
  0.027585   0.067962   0.005020
  0.027592  -0.067925  -0.005041
  2.982575   1.268314   2.402160
  2.982567  -1.268319  -2.402114
  0.027587   0.067962  -0.005009
  0.027598  -0.067923   0.005042
  2.982574   1.268321  -2.402142
  2.982564  -1.268320   2.402115
 -0.004240  -0.000004  -0.000006
 -0.239291   0.000023  -0.000005
  0.097235  -0.000001   0.000019
  0.935199   0.000006  -0.000004
 -0.004245  -0.000004  -0.000015
 -0.239290   0.000023  -0.000010
  0.097240  -0.000005   0.000012
  0.935200   0.000002   0.000006
 -0.045439   0.000014  -0.000002
  0.350990   0.000015  -0.000002
  0.064690   0.000012  -0.000001
-14.394023  -0.000206  -0.000009
  0.104761  -0.828807  -0.000001
  0.104780   0.828855  -0.000008
  0.097887  -0.954256   0.000000
  0.097902   0.954261  -0.000005
   20    2  0.0000  1.0000  0.0000
 -0.055107  -0.037599   0.052575
  0.055104  -0.037598   0.052568
  1.033131   1.775374   1.326582
 -1.033121   1.775378   1.326567
 -0.055099  -0.037597  -0.052563
  0.055104  -0.037600  -0.052569
  1.033130   1.775369  -1.326572
 -1.033129   1.775372  -1.326576
  0.000011   0.029240  -0.077318
 -0.000001   0.086051   0.026413
 -0.000001  -0.369874  -0.026863
 -0.000004   3.590783  -2.681428
  0.000010   0.029242   0.077311
 -0.000008   0.086054  -0.026416
 -0.000003  -0.369870   0.026860
 -0.000006   3.590788   2.681434
  0.000002   0.340182  -0.000007
 -0.000001   0.057217  -0.000006
 -0.000009   0.077544   0.000001
 -0.000023 -14.667873   0.000015
  0.930760   0.136381  -0.000001
 -0.930743   0.136369  -0.000001
  0.843556   0.148335   0.000001
 -0.843552   0.148333  -0.000004
   20    3  0.0000  0.0000  1.0000
  0.032578  -0.008058   0.058026
 -0.032578  -0.008056   0.058024
  2.089072   1.195214   3.247125
 -2.089074   1.195197   3.247144
 -0.032642   0.007971   0.058049
  0.032643   0.007973   0.058043
 -2.089467  -1.195306   3.247144
  2.089475  -1.195293   3.247156
 -0.000004   0.084042   0.092170
  0.000004   0.143811   0.173357
 -0.000004  -0.143834   0.306038
 -0.000003  -2.460331   3.214220
  0.000001  -0.083951   0.092031
  0.000001  -0.143686   0.173326
  0.000004   0.143692   0.305805
  0.000001   2.460636   3.214412
 -0.000002   0.000001   0.059668
 -0.000003   0.000002   0.042031
 -0.000002  -0.000028  -0.654157
  0.000003  -0.000024 -19.019365
 -0.000076   0.000010  -0.307325
  0.000072   0.000008  -0.307324
 -0.000051   0.000004  -0.302799
  0.000051   0.000007  -0.302798
   21    1  1.0000  0.0000  0.0000
 -0.239363   0.000034   0.000008
 -0.004439   0.000007   0.000008
  0.934922   0.000032  -0.000001
  0.097088   0.000028   0.000013
 -0.239364   0.000029  -0.000014
 -0.004437   0.000009  -0.000012
  0.934916   0.000035  -0.000011
  0.097090   0.000026  -0.000001
  2.982554   1.268405   2.402281
  2.982529  -1.268451  -2.402275
  0.027430   0.067924   0.005014
  0.027443  -0.067931  -0.005050
  2.982551   1.268402  -2.402275
  2.982527  -1.268450   2.402284
  0.027429   0.067918  -0.005020
  0.027441  -0.067925   0.005037
  0.104508  -0.828786   0.000002
  0.104536   0.828820  -0.000000
  0.097820  -0.954429   0.000004
  0.097836   0.954456  -0.000000
-14.390746  -0.000175   0.000006
  0.064497   0.000016   0.000001
  0.350866   0.000002   0.000000
 -0.045634   0.000005   0.000002
   21    2  0.0000  1.0000  0.0000
 -0.000011   0.086002   0.026361
  0.000005   0.029150  -0.077355
  0.000017   3.590848  -2.681853
 -0.000015  -0.370104  -0.026898
 -0.000004   0.086006  -0.026358
  0.000012   0.029152   0.077355
  0.000019   3.590848   2.681849
 -0.000015  -0.370100   0.026901
  1.033273   1.775233   1.326714
 -1.033264   1.775247   1.326703
 -0.055100  -0.037758   0.052468
  0.055088  -0.037782   0.052481
  1.033271   1.775238  -1.326718
 -1.033254   1.775243  -1.326702
 -0.055109  -0.037765  -0.052461
  0.055096  -0.037783  -0.052479
  0.930667   0.136253  -0.000002
 -0.930643   0.136241  -0.000003
  0.843506   0.148236  -0.000001
 -0.843534   0.148247  -0.000000
  0.000015 -14.665208   0.000004
 -0.000015   0.077493   0.000002
 -0.000007   0.057021  -0.000005
  0.000002   0.340045  -0.000002
   21    3  0.0000  0.0000  1.0000
 -0.000015   0.143795   0.173170
  0.000024   0.084015   0.092051
  0.000017  -2.460685   3.214308
 -0.000013  -0.143790   0.305884
 -0.000023  -0.143659   0.173138
  0.000020  -0.083952   0.091906
  0.000010   2.461075   3.214486
 -0.000010   0.143704   0.305631
  2.089193   1.195231   3.246936
 -2.089177   1.195252   3.246924
  0.032564  -0.008073   0.057883
 -0.032568  -0.008082   0.057903
 -2.089617  -1.195383   3.246994
  2.089608  -1.195365   3.247028
 -0.032646   0.007972   0.057869
  0.032642   0.007956   0.057891
 -0.000078  -0.000008  -0.307476
  0.000079  -0.000005  -0.307472
 -0.000056   0.000030  -0.302894
  0.000054   0.000029  -0.302893
 -0.000005  -0.000019 -19.016501
 -0.000001  -0.000022  -0.654204
 -0.000006  -0.000005   0.041899
  0.000003  -0.000010   0.059542
   22    1  1.0000  0.0000  0.0000
 -0.004312  -0.000015   0.000008
 -0.239329   0.000005  -0.000009
  0.097180  -0.000030  -0.000006
  0.935281  -0.000020  -0.000003
 -0.004309  -0.000020   0.000017
 -0.239325   0.000007  -0.000001
  0.097178  -0.000024  -0.000001
  0.935278  -0.000026   0.000030
  2.982596  -1.268228  -2.401991
  2.982626   1.268288   2.402079
  0.027529  -0.067915  -0.005035
  0.027513   0.067981   0.005008
  2.982591  -1.268224   2.401989
  2.982615   1.268282  -2.402079
  0.027528  -0.067909   0.005030
  0.027515   0.067981  -0.005032
  0.104603   0.828861   0.000002
  0.104624  -0.828848  -0.000002
  0.097915   0.954354  -0.000007
  0.097904  -0.954362   0.000000
  0.064381   0.000005  -0.000000
-14.392998  -0.000183   0.000007
 -0.045534   0.000016  -0.000002
  0.350950   0.000021  -0.000004
   22    2  0.0000  1.0000  0.0000
 -0.000017   0.029268  -0.077325
  0.000017   0.086133   0.026385
  0.000011  -0.369992  -0.026898
 -0.000019   3.590995  -2.681867
 -0.000017   0.029268   0.077333
  0.000015   0.086136  -0.026365
  0.000018  -0.369986   0.026892
 -0.000011   3.590999   2.681845
 -1.033246   1.775350   1.326709
  1.033240   1.775368   1.326699
  0.055111  -0.037664   0.052461
 -0.055122  -0.037689   0.052469
 -1.033239   1.775351  -1.326699
  1.033236   1.775358  -1.326704
  0.055115  -0.037664  -0.052457
 -0.055116  -0.037693  -0.052475
 -0.930642   0.136353  -0.000007
  0.930628   0.136346   0.000002
 -0.843519   0.148327  -0.000001
  0.843551   0.148340   0.000001
  0.000011   0.077616   0.000005
 -0.000014 -14.667805  -0.000001
 -0.000002   0.340155  -0.000003
  0.000008   0.057130  -0.000003
   22    3  0.0000  0.0000  1.0000
 -0.000012   0.084015   0.092143
  0.000015   0.143782   0.173287
 -0.000009  -0.143829   0.306046
 -0.000004  -2.460605   3.214394
 -0.000015  -0.083963   0.092013
  0.000002  -0.143679   0.173280
  0.000001   0.143692   0.305735
  0.000008   2.461052   3.214604
 -2.089084   1.195218   3.247038
  2.089090   1.195233   3.247047
 -0.032557  -0.008068   0.058009
  0.032561  -0.008073   0.058009
  2.089619  -1.195350   3.247141
 -2.089613  -1.195341   3.247157
  0.032648   0.007966   0.057987
 -0.032650   0.007966   0.057996
  0.000093  -0.000017  -0.307369
 -0.000096  -0.000013  -0.307376
  0.000070   0.000032  -0.302795
 -0.000070   0.000033  -0.302795
 -0.000001  -0.000016  -0.654113
  0.000004  -0.000004 -19.019085
 -0.000004  -0.000016   0.059645
  0.000003  -0.000013   0.042001
   23    1  1.0000  0.0000  0.0000
  0.935340   0.000021  -0.000002
  0.097211   0.000022   0.000001
 -0.239300   0.000033   0.000013
 -0.004249   0.000010   0.000023
  0.935340   0.000025  -0.000010
  0.097215   0.000018  -0.000009
 -0.239286   0.000032  -0.000014
 -0.004256   0.000010  -0.000017
  0.027564   0.067948   0.005008
  0.027577  -0.067944  -0.005015
  2.982673   1.268233   2.402058
  2.982665  -1.268281  -2.402061
  0.027563   0.067946  -0.005011
  0.027573  -0.067949   0.005065
  2.982679   1.268229  -2.402044
  2.982663  -1.268274   2.402033
  0.097946  -0.954345  -0.000000
  0.097960   0.954366  -0.000011
  0.104644  -0.828828  -0.000003
  0.104673   0.828875  -0.000000
  0.350996   0.000006  -0.000001
 -0.045480   0.000008  -0.000002
-14.394140  -0.000181   0.000004
  0.064430   0.000020  -0.000004
   23    2  0.0000  1.0000  0.0000
  0.000007   3.591045  -2.681845
 -0.000012  -0.369928  -0.026893
 -0.000010   0.086178   0.026372
  0.000014   0.029309  -0.077344
  0.000010   3.591031   2.681857
 -0.000011  -0.369932   0.026896
 -0.000017   0.086176  -0.026367
  0.000017   0.029311   0.077349
 -0.055112  -0.037609   0.052462
  0.055106  -0.037632   0.052475
  1.033267   1.775407   1.326721
 -1.033261   1.775426   1.326707
 -0.055109  -0.037612  -0.052463
  0.055104  -0.037628  -0.052484
  1.033275   1.775405  -1.326717
 -1.033258   1.775420  -1.326716
  0.843524   0.148392  -0.000003
 -0.843550   0.148393  -0.000002
  0.930663   0.136413   0.000004
 -0.930628   0.136392  -0.000002
 -0.000009   0.057175  -0.000002
  0.000003   0.340200  -0.000001
 -0.000000 -14.668999  -0.000008
 -0.000015   0.077665   0.000004
   23    3  0.0000  0.0000  1.0000
 -0.000012  -2.460713   3.214474
  0.000007  -0.143829   0.306073
  0.000017   0.143772   0.173321
 -0.000009   0.084001   0.092187
  0.000001   2.461115   3.214688
  0.000006   0.143663   0.305769
  0.000011  -0.143668   0.173329
 -0.000013  -0.083977   0.092074
  0.032551  -0.008064   0.058062
 -0.032555  -0.008063   0.058061
  2.089168   1.195293   3.247108
 -2.089162   1.195275   3.247140
 -0.032652   0.007978   0.058053
  0.032653   0.007982   0.058052
 -2.089683  -1.195369   3.247190
  2.089672  -1.195371   3.247185
 -0.000070   0.000021  -0.302721
  0.000074   0.000022  -0.302721
 -0.000093  -0.000002  -0.307308
  0.000092  -0.000003  -0.307304
  0.000002  -0.000008   0.042063
 -0.000004  -0.000013   0.059707
 -0.000001  -0.000019 -19.020446
 -0.000000  -0.000023  -0.654035
   24    1  1.0000  0.0000  0.0000
  0.097144  -0.000031  -0.000014
  0.935157  -0.000016   0.000003
 -0.004332  -0.000018  -0.000007
 -0.239332   0.000001  -0.000013
  0.097145  -0.000019  -0.000020
  0.935159  -0.000014   0.000020
 -0.004341  -0.000025   0.000010
 -0.239328   0.000007  -0.000002
  0.027509  -0.067914  -0.005040
  0.027509   0.067979   0.005009
  2.982604  -1.268304  -2.402109
  2.982623   1.268363   2.402197
  0.027511  -0.067905   0.005021
  0.027506   0.067978  -0.005026
  2.982608  -1.268297   2.402118
  2.982612   1.268356  -2.402168
  0.097901   0.954397   0.000002
  0.097891  -0.954398   0.000006
  0.104585   0.828833  -0.000001
  0.104606  -0.828826   0.000002
 -0.045555   0.000012   0.000002
  0.350936   0.000018   0.000003
  0.064458   0.000005   0.000005
-14.392577  -0.000182   0.000001
   24    2  0.0000  1.0000  0.0000
  0.000011  -0.369976  -0.026864
 -0.000004   3.590945  -2.681739
 -0.000020   0.029251  -0.077365
  0.000022   0.086113   0.026343
  0.000012  -0.369987   0.026867
 -0.000011   3.590941   2.681752
 -0.000021   0.029250   0.077348
  0.000024   0.086114  -0.026349
  0.055113  -0.037712   0.052461
 -0.055112  -0.037729   0.052481
 -1.033246   1.775345   1.326674
  1.033224   1.775362   1.326660
  0.055116  -0.037700  -0.052465
 -0.055110  -0.037726  -0.052471
 -1.033246   1.775345  -1.326673
  1.033225   1.775361  -1.326666
 -0.843520   0.148316  -0.000002
  0.843545   0.148320   0.000000
 -0.930644   0.136335   0.000002
  0.930631   0.136323   0.000004
 -0.000002   0.340121  -0.000004
  0.000008   0.057100  -0.000003
  0.000011   0.077593   0.000004
 -0.000008 -14.667306   0.000007
   24    3  0.0000  0.0000  1.0000
 -0.000015  -0.143804   0.306004
  0.000004  -2.460644   3.214411
  0.000021   0.084029   0.092140
 -0.000018   0.143801   0.173298
  0.000009   0.143707   0.305725
 -0.000001   2.461078   3.214614
  0.000013  -0.083944   0.091975
 -0.000020  -0.143665   0.173247
 -0.032558  -0.008079   0.057995
  0.032563  -0.008077   0.057992
 -2.089132   1.195236   3.247010
  2.089129   1.195218   3.247033
  0.032642   0.007971   0.057993
 -0.032646   0.007970   0.057991
  2.089610  -1.195370   3.247123
 -2.089604  -1.195393   3.247100
  0.000066   0.000033  -0.302820
 -0.000065   0.000034  -0.302815
  0.000089  -0.000012  -0.307394
 -0.000088  -0.000013  -0.307400
  0.000006  -0.000005   0.059624
 -0.000005  -0.000002   0.041967
  0.000002  -0.000034  -0.654135
 -0.000002  -0.000034 -19.018679
