    2   24   72
127.600 95.940
    1    1  1.0000  0.0000  0.0000
 -8.557050   0.000028   0.000030
  2.813273  -0.000008  -0.000003
 -0.032948  -0.000015   0.000004
 -0.010371  -0.000004  -0.000007
 -0.129513   0.000000   0.000003
  0.036906   0.000012   0.000002
  0.014175   0.000002   0.000001
  0.469770  -0.000004  -0.000001
 -0.041147  -0.001896   0.025149
 -0.041153   0.001896  -0.025156
  0.015606   0.014232   0.020613
  0.015606  -0.014230  -0.020613
  0.057770  -0.097130   0.058745
  0.057761   0.097144  -0.058750
  0.169469   0.355845   0.051929
  0.169474  -0.355862  -0.051931
  0.466472   0.000009  -0.000009
  0.020899   0.000006   0.000002
 -0.037417  -0.000005  -0.000002
 -0.043465  -0.000001   0.000002
  2.284095   0.647526   2.949365
  2.284083  -0.647543  -2.949376
  0.008850  -0.013240   0.010172
  0.008857   0.013237  -0.010168
    1    2  0.0000  1.0000  0.0000
  0.000014  -4.707741   0.209320
  0.000000  -0.180581   0.070692
  0.000002  -0.062954  -0.005930
  0.000004  -0.057190  -0.024303
 -0.000006   0.221625  -0.031334
 -0.000004   0.057392  -0.003199
 -0.000006   0.150487   0.187861
  0.000005   0.243018  -0.069764
 -0.009058  -0.161614  -0.142001
  0.009069  -0.161609  -0.142005
  0.022350   0.028484   0.009291
 -0.022352   0.028494   0.009286
 -0.201291   0.312879  -0.083286
  0.201286   0.312872  -0.083293
  0.430750   0.402763   0.085919
 -0.430758   0.402764   0.085921
  0.000005   2.199144  -2.868585
 -0.000003   0.125848   0.027333
 -0.000001  -0.084270  -0.153394
 -0.000000   0.078719   0.239677
  0.532556   0.356626   1.315730
 -0.532558   0.356627   1.315735
 -0.034416   0.069110   0.025163
  0.034410   0.069106   0.025165
    1    3  0.0000  0.0000  1.0000
  0.000027   0.227411 -12.969204
 -0.000003   0.053708  -0.160520
 -0.000000   0.004126   0.012031
 -0.000008  -0.015082  -0.010709
 -0.000001  -0.256288   0.066316
 -0.000006  -0.004368   0.034092
  0.000002   0.349526   0.436711
  0.000001   0.471570   0.137458
  0.017886  -0.116920   0.109918
 -0.017889  -0.116928   0.109926
  0.006860  -0.006003   0.039622
 -0.006857  -0.006004   0.039627
  0.134821  -0.008058  -0.259857
 -0.134816  -0.008067  -0.259841
 -0.104351   0.126779  -0.157244
  0.104341   0.126780  -0.157251
 -0.000001  -2.742583   4.608213
  0.000000  -0.030413   0.296039
  0.000001  -0.011265   0.058746
  0.000001  -0.132987  -0.036621
  2.840461   1.037246   4.060540
 -2.840467   1.037253   4.060543
 -0.023706   0.010284  -0.029268
  0.023703   0.010285  -0.029267
    2    1  1.0000  0.0000  0.0000
  2.813247   0.000000  -0.000010
 -8.557151  -0.000002   0.000008
 -0.010340   0.000009  -0.000010
 -0.032965  -0.000001   0.000004
  0.036923   0.000011  -0.000002
 -0.129519  -0.000009   0.000001
  0.469758  -0.000010   0.000001
  0.014195  -0.000004   0.000003
 -0.041143   0.001897  -0.025151
 -0.041140  -0.001884   0.025149
  0.015621  -0.014225  -0.020625
  0.015605   0.014221   0.020631
  0.057764   0.097127  -0.058744
  0.057773  -0.097122   0.058744
  0.169477  -0.355859  -0.051928
  0.169464   0.355828   0.051931
  0.020893   0.000011   0.000002
  0.466481   0.000014  -0.000001
 -0.043452   0.000002   0.000001
 -0.037424  -0.000004  -0.000001
  2.284108  -0.647541  -2.949386
  2.284110   0.647536   2.949381
  0.008858   0.013238  -0.010167
  0.008858  -0.013232   0.010170
    2    2  0.0000  1.0000  0.0000
  0.000003  -0.180570   0.070707
 -0.000019  -4.707782   0.209310
  0.000006  -0.057189  -0.024300
  0.000005  -0.062955  -0.005934
 -0.000005   0.057398  -0.003208
  0.000001   0.221628  -0.031323
  0.000009   0.243014  -0.069767
  0.000003   0.150488   0.187846
  0.009061  -0.161605  -0.142004
 -0.009055  -0.161606  -0.142008
 -0.022353   0.028493   0.009287
  0.022342   0.028491   0.009285
  0.201273   0.312878  -0.083293
 -0.201280   0.312872  -0.083289
 -0.430756   0.402767   0.085927
  0.430758   0.402772   0.085931
 -0.000003   0.125842   0.027333
  0.000008   2.199136  -2.868578
  0.000001   0.078724   0.239680
  0.000004  -0.084266  -0.153395
 -0.532553   0.356627   1.315732
  0.532550   0.356629   1.315731
  0.034414   0.069108   0.025166
 -0.034413   0.069108   0.025164
    2    3  0.0000  0.0000  1.0000
  0.000008   0.053706  -0.160508
 -0.000027   0.227419 -12.969277
  0.000000  -0.015081  -0.010722
  0.000006   0.004130   0.012019
 -0.000003  -0.004366   0.034095
  0.000000  -0.256285   0.066320
  0.000015   0.471572   0.137449
 -0.000000   0.349525   0.436711
 -0.017884  -0.116920   0.109913
  0.017885  -0.116918   0.109908
 -0.006852  -0.006011   0.039649
  0.006859  -0.006011   0.039636
 -0.134813  -0.008063  -0.259838
  0.134810  -0.008064  -0.259840
  0.104342   0.126772  -0.157242
 -0.104346   0.126770  -0.157232
 -0.000002  -0.030407   0.296040
  0.000003  -2.742591   4.608213
 -0.000003  -0.132994  -0.036620
  0.000001  -0.011272   0.058748
 -2.840473   1.037256   4.060551
  2.840469   1.037251   4.060553
  0.023710   0.010290  -0.029264
 -0.023705   0.010289  -0.029263
    3    1  1.0000  0.0000  0.0000
 -0.032965  -0.000005   0.000011
 -0.010339   0.000002   0.000002
 -8.557223  -0.000029  -0.000053
  2.813253  -0.000007  -0.000004
  0.014178   0.000005   0.000004
  0.469790   0.000008   0.000002
 -0.129512   0.000000   0.000005
  0.036920   0.000018  -0.000001
  0.015611   0.014220   0.020627
  0.015619  -0.014215  -0.020620
 -0.041138  -0.001889   0.025155
 -0.041136   0.001886  -0.025149
  0.169460   0.355844   0.051923
  0.169482  -0.355841  -0.051932
  0.057773  -0.097125   0.058743
  0.057765   0.097140  -0.058734
 -0.037418  -0.000003   0.000001
 -0.043448   0.000003   0.000004
  0.466480   0.000006  -0.000003
  0.020897   0.000002   0.000005
  0.008862  -0.013236   0.010172
  0.008861   0.013238  -0.010161
  2.284122   0.647534   2.949392
  2.284106  -0.647555  -2.949389
    3    2  0.0000  1.0000  0.0000
  0.000005  -0.062951  -0.005939
 -0.000001  -0.057182  -0.024303
 -0.000013  -4.707842   0.209279
 -0.000001  -0.180573   0.070699
 -0.000002   0.150481   0.187856
  0.000005   0.243011  -0.069763
  0.000001   0.221631  -0.031329
 -0.000004   0.057392  -0.003199
  0.022347   0.028492   0.009291
 -0.022351   0.028494   0.009291
 -0.009049  -0.161605  -0.142004
  0.009057  -0.161595  -0.142001
  0.430760   0.402765   0.085924
 -0.430756   0.402768   0.085925
 -0.201294   0.312882  -0.083291
  0.201286   0.312876  -0.083293
  0.000004  -0.084260  -0.153389
  0.000002   0.078725   0.239683
  0.000008   2.199148  -2.868588
  0.000000   0.125855   0.027339
 -0.034414   0.069115   0.025172
  0.034411   0.069114   0.025166
  0.532556   0.356630   1.315737
 -0.532559   0.356632   1.315737
    3    3  0.0000  0.0000  1.0000
 -0.000003   0.004131   0.012033
  0.000004  -0.015073  -0.010716
 -0.000053   0.227370 -12.969318
  0.000003   0.053705  -0.160509
  0.000010   0.349526   0.436724
 -0.000003   0.471569   0.137465
  0.000006  -0.256282   0.066312
  0.000007  -0.004363   0.034086
  0.006860  -0.006006   0.039638
 -0.006855  -0.006006   0.039634
  0.017877  -0.116916   0.109915
 -0.017877  -0.116930   0.109927
 -0.104348   0.126773  -0.157232
  0.104350   0.126781  -0.157238
  0.134812  -0.008060  -0.259851
 -0.134808  -0.008063  -0.259843
  0.000002  -0.011265   0.058750
  0.000004  -0.132985  -0.036620
 -0.000001  -2.742582   4.608219
  0.000001  -0.030407   0.296045
 -0.023703   0.010293  -0.029264
  0.023710   0.010290  -0.029264
  2.840471   1.037246   4.060555
 -2.840466   1.037253   4.060551
    4    1  1.0000  0.0000  0.0000
 -0.010330   0.000002  -0.000009
 -0.032974  -0.000007   0.000002
  2.813231   0.000005   0.000003
 -8.557229   0.000037   0.000085
  0.469760  -0.000026  -0.000018
  0.014201  -0.000018  -0.000009
  0.036932   0.000010  -0.000005
 -0.129520  -0.000005   0.000003
  0.015615  -0.014210  -0.020627
  0.015607   0.014218   0.020635
 -0.041147   0.001900  -0.025154
 -0.041134  -0.001884   0.025140
  0.169480  -0.355867  -0.051931
  0.169473   0.355817   0.051928
  0.057762   0.097128  -0.058739
  0.057781  -0.097133   0.058727
 -0.043434  -0.000002  -0.000000
 -0.037426  -0.000002  -0.000004
  0.020890   0.000013  -0.000001
  0.466479   0.000021  -0.000009
  0.008859   0.013236  -0.010173
  0.008860  -0.013232   0.010164
  2.284121  -0.647548  -2.949404
  2.284141   0.647546   2.949397
    4    2  0.0000  1.0000  0.0000
 -0.000001  -0.057187  -0.024300
  0.000006  -0.062955  -0.005940
 -0.000008  -0.180577   0.070699
  0.000023  -4.707806   0.209284
  0.000002   0.243020  -0.069769
 -0.000002   0.150485   0.187863
 -0.000005   0.057398  -0.003208
 -0.000005   0.221635  -0.031335
 -0.022355   0.028493   0.009287
  0.022350   0.028482   0.009286
  0.009055  -0.161603  -0.141995
 -0.009058  -0.161602  -0.142004
 -0.430756   0.402765   0.085922
  0.430753   0.402766   0.085929
  0.201288   0.312881  -0.083286
 -0.201293   0.312883  -0.083288
 -0.000000   0.078717   0.239682
  0.000001  -0.084272  -0.153387
 -0.000002   0.125849   0.027333
  0.000007   2.199149  -2.868585
  0.034412   0.069110   0.025169
 -0.034413   0.069109   0.025164
 -0.532558   0.356629   1.315740
  0.532559   0.356632   1.315740
    4    3  0.0000  0.0000  1.0000
 -0.000008  -0.015080  -0.010714
 -0.000001   0.004129   0.012027
  0.000005   0.053706  -0.160515
  0.000054   0.227375 -12.969277
  0.000005   0.471568   0.137457
 -0.000007   0.349530   0.436723
 -0.000004  -0.004358   0.034086
  0.000001  -0.256288   0.066325
 -0.006855  -0.006009   0.039639
  0.006857  -0.006002   0.039632
 -0.017887  -0.116925   0.109920
  0.017876  -0.116923   0.109920
  0.104337   0.126777  -0.157255
 -0.104345   0.126774  -0.157241
 -0.134819  -0.008064  -0.259846
  0.134815  -0.008057  -0.259848
 -0.000000  -0.132988  -0.036620
 -0.000000  -0.011266   0.058747
 -0.000003  -0.030403   0.296046
 -0.000002  -2.742581   4.608211
  0.023702   0.010292  -0.029264
 -0.023711   0.010293  -0.029267
 -2.840476   1.037252   4.060559
  2.840467   1.037249   4.060553
    5    1  1.0000  0.0000  0.0000
 -0.131697  -0.000004   0.000006
  0.021217  -0.000004   0.000002
  0.009522   0.000002  -0.000011
  0.445859  -0.000005   0.000002
 -6.202135   0.000042   0.000037
  2.484781   0.000021   0.000016
 -0.035676   0.000002   0.000009
 -0.063685   0.000021   0.000001
  0.167838   0.362690  -0.105209
  0.167832  -0.362695   0.105206
  0.056325  -0.205624   0.101883
  0.056310   0.205588  -0.101896
  0.263295   0.212247  -0.501488
  0.263292  -0.212243   0.501461
 -0.025969   0.067537   0.026527
 -0.025988  -0.067537  -0.026534
  0.750694   0.000009  -0.000007
 -0.021745   0.000011  -0.000001
  0.143743   0.000017   0.000008
  0.264913   0.000010   0.000008
  0.033687  -0.008121   0.056645
  0.033687   0.008092  -0.056644
  0.671954  -1.108233  -1.268561
  0.671943   1.108175   1.268542
    5    2  0.0000  1.0000  0.0000
  0.000004   0.172458  -0.284052
  0.000000   0.007272  -0.039431
 -0.000010   0.207703   0.388867
  0.000006   0.305069   0.492001
  0.000019  -8.082176  -0.692497
  0.000001  -0.029347   0.465024
 -0.000006   0.059530   0.061004
 -0.000005   0.115339   0.001534
  0.358137   0.458461   0.093729
 -0.358150   0.458458   0.093734
 -0.126438   0.244779   0.000163
  0.126441   0.244776   0.000160
  0.217454  -0.039673  -0.122393
 -0.217451  -0.039649  -0.122396
  0.049659  -0.062357  -0.031438
 -0.049658  -0.062370  -0.031434
 -0.000001   2.573377  -1.843428
 -0.000002   0.047216  -0.096023
  0.000001   0.604545   0.100617
 -0.000000   0.152874   0.190246
  0.060300   0.073461   0.008889
 -0.060303   0.073466   0.008893
 -0.613342   1.258397   0.679115
  0.613342   1.258394   0.679117
    5    3  0.0000  0.0000  1.0000
 -0.000003  -0.051455   0.072513
 -0.000003  -0.007091   0.051931
 -0.000007   0.188366   0.390111
  0.000001  -0.065289   0.107454
  0.000053  -0.716733  -6.740764
  0.000004   0.426524   0.069650
 -0.000000   0.025104   0.019023
 -0.000003   0.014395  -0.037295
  0.033196   0.053733  -0.171129
 -0.033199   0.053733  -0.171129
  0.055966  -0.055042  -0.225995
 -0.055975  -0.055040  -0.225997
 -0.493142  -0.110308   0.547256
  0.493134  -0.110313   0.547258
  0.037680  -0.030915  -0.004472
 -0.037682  -0.030912  -0.004470
 -0.000008  -1.126941   1.799501
 -0.000002   0.058793   0.118208
 -0.000003  -0.011168   0.007829
  0.000001   0.278333  -0.170576
 -0.158971  -0.140413  -0.041005
  0.158968  -0.140414  -0.041001
 -1.108838   0.776527   2.051548
  1.108833   0.776526   2.051552
    6    1  1.0000  0.0000  0.0000
  0.021221   0.000000  -0.000005
 -0.131700  -0.000002  -0.000004
  0.445866   0.000011   0.000007
  0.009522   0.000017   0.000001
  2.484788   0.000013   0.000009
 -6.202168  -0.000029  -0.000015
 -0.063681   0.000012   0.000004
 -0.035673   0.000003   0.000013
  0.167831  -0.362692   0.105210
  0.167826   0.362693  -0.105199
  0.056314   0.205597  -0.101899
  0.056319  -0.205610   0.101889
  0.263292  -0.212260   0.501464
  0.263300   0.212226  -0.501479
 -0.025985  -0.067539  -0.026539
 -0.025971   0.067536   0.026526
 -0.021743   0.000017   0.000003
  0.750697   0.000010   0.000005
  0.264918   0.000023   0.000010
  0.143746   0.000029   0.000009
  0.033685   0.008097  -0.056645
  0.033689  -0.008113   0.056643
  0.671951   1.108182   1.268544
  0.671956  -1.108221  -1.268555
    6    2  0.0000  1.0000  0.0000
  0.000005   0.007273  -0.039465
  0.000006   0.172452  -0.284074
 -0.000011   0.305060   0.492022
 -0.000005   0.207707   0.388877
  0.000003  -0.029345   0.465032
  0.000003  -8.082156  -0.692480
  0.000002   0.115339   0.001536
 -0.000003   0.059529   0.061013
 -0.358125   0.458453   0.093745
  0.358118   0.458448   0.093739
  0.126434   0.244766   0.000142
 -0.126431   0.244772   0.000140
 -0.217444  -0.039673  -0.122393
  0.217454  -0.039653  -0.122399
 -0.049666  -0.062362  -0.031432
  0.049663  -0.062363  -0.031441
 -0.000001   0.047212  -0.096026
  0.000001   2.573380  -1.843419
  0.000003   0.152883   0.190248
 -0.000003   0.604550   0.100618
 -0.060303   0.073474   0.008892
  0.060299   0.073471   0.008893
  0.613341   1.258393   0.679112
 -0.613341   1.258391   0.679120
    6    3  0.0000  0.0000  1.0000
 -0.000001  -0.007072   0.051910
  0.000004  -0.051441   0.072490
 -0.000002  -0.065292   0.107449
  0.000000   0.188362   0.390130
  0.000009   0.426513   0.069668
 -0.000013  -0.716742  -6.740820
 -0.000004   0.014402  -0.037289
 -0.000000   0.025112   0.019034
 -0.033206   0.053725  -0.171098
  0.033207   0.053724  -0.171099
 -0.055963  -0.055037  -0.226004
  0.055965  -0.055039  -0.225998
  0.493140  -0.110325   0.547239
 -0.493140  -0.110330   0.547241
 -0.037677  -0.030901  -0.004470
  0.037679  -0.030908  -0.004468
  0.000001   0.058784   0.118218
  0.000001  -1.126943   1.799512
 -0.000002   0.278345  -0.170577
 -0.000003  -0.011153   0.007828
  0.158972  -0.140402  -0.041002
 -0.158969  -0.140399  -0.041004
  1.108833   0.776513   2.051557
 -1.108831   0.776506   2.051552
    7    1  1.0000  0.0000  0.0000
  0.009527   0.000003   0.000001
  0.445863   0.000000   0.000009
 -0.131698  -0.000008   0.000001
  0.021226  -0.000001  -0.000011
 -0.035682   0.000011   0.000006
 -0.063682   0.000014   0.000007
 -6.202199   0.000012  -0.000016
  2.484789   0.000014   0.000006
  0.056321  -0.205617   0.101883
  0.056319   0.205595  -0.101892
  0.167832   0.362690  -0.105196
  0.167839  -0.362704   0.105203
 -0.025970   0.067545   0.026529
 -0.025986  -0.067534  -0.026534
  0.263302   0.212237  -0.501485
  0.263296  -0.212247   0.501473
  0.143751   0.000021   0.000010
  0.264919   0.000018   0.000008
  0.750695   0.000009   0.000006
 -0.021743   0.000013   0.000002
  0.671953  -1.108223  -1.268556
  0.671952   1.108180   1.268547
  0.033687  -0.008120   0.056641
  0.033689   0.008091  -0.056644
    7    2  0.0000  1.0000  0.0000
 -0.000004   0.207715   0.388870
 -0.000001   0.305064   0.492011
  0.000007   0.172468  -0.284065
  0.000003   0.007280  -0.039441
 -0.000004   0.059534   0.061006
  0.000002   0.115348   0.001534
 -0.000006  -8.082235  -0.692439
 -0.000002  -0.029344   0.465037
 -0.126427   0.244777   0.000150
  0.126443   0.244776   0.000147
  0.358127   0.458453   0.093733
 -0.358143   0.458452   0.093737
  0.049664  -0.062354  -0.031439
 -0.049666  -0.062358  -0.031443
  0.217454  -0.039670  -0.122394
 -0.217443  -0.039656  -0.122401
 -0.000001   0.604552   0.100613
 -0.000001   0.152880   0.190243
 -0.000000   2.573379  -1.843432
  0.000000   0.047215  -0.096033
 -0.613337   1.258388   0.679118
  0.613340   1.258393   0.679113
  0.060298   0.073471   0.008887
 -0.060304   0.073472   0.008888
    7    3  0.0000  0.0000  1.0000
  0.000001   0.188364   0.390126
 -0.000001  -0.065289   0.107459
 -0.000001  -0.051448   0.072493
  0.000001  -0.007083   0.051914
 -0.000006   0.025107   0.019038
  0.000000   0.014403  -0.037287
  0.000007  -0.716703  -6.740891
  0.000002   0.426521   0.069666
  0.055967  -0.055037  -0.226004
 -0.055969  -0.055039  -0.225993
  0.033203   0.053728  -0.171093
 -0.033204   0.053730  -0.171099
  0.037675  -0.030906  -0.004465
 -0.037675  -0.030914  -0.004466
 -0.493143  -0.110336   0.547253
  0.493140  -0.110325   0.547250
 -0.000002  -0.011153   0.007835
  0.000001   0.278346  -0.170574
 -0.000003  -1.126955   1.799517
  0.000003   0.058781   0.118220
 -1.108831   0.776512   2.051547
  1.108833   0.776512   2.051550
 -0.158971  -0.140406  -0.040996
  0.158974  -0.140410  -0.040998
    8    1  1.0000  0.0000  0.0000
  0.445858   0.000007   0.000006
  0.009525   0.000010  -0.000003
  0.021214   0.000003  -0.000004
 -0.131694  -0.000002   0.000001
 -0.063687   0.000007  -0.000005
 -0.035672   0.000006   0.000000
  2.484788   0.000015   0.000016
 -6.202173  -0.000020   0.000034
  0.056315   0.205598  -0.101899
  0.056318  -0.205612   0.101884
  0.167842  -0.362688   0.105211
  0.167835   0.362701  -0.105207
 -0.025980  -0.067538  -0.026537
 -0.025976   0.067536   0.026529
  0.263295  -0.212252   0.501472
  0.263302   0.212232  -0.501489
  0.264917   0.000022   0.000009
  0.143747   0.000025   0.000007
 -0.021747   0.000012  -0.000001
  0.750693   0.000009  -0.000003
  0.671944   1.108175   1.268540
  0.671953  -1.108227  -1.268563
  0.033689   0.008095  -0.056644
  0.033689  -0.008114   0.056645
    8    2  0.0000  1.0000  0.0000
  0.000001   0.305072   0.492024
  0.000002   0.207714   0.388887
  0.000002   0.007283  -0.039437
  0.000003   0.172480  -0.284075
  0.000002   0.115350   0.001527
 -0.000006   0.059533   0.061004
  0.000010  -0.029348   0.465022
 -0.000003  -8.082222  -0.692423
  0.126435   0.244773   0.000140
 -0.126436   0.244780   0.000144
 -0.358142   0.458459   0.093743
  0.358138   0.458456   0.093748
 -0.049665  -0.062362  -0.031436
  0.049660  -0.062352  -0.031441
 -0.217450  -0.039674  -0.122409
  0.217452  -0.039664  -0.122406
  0.000005   0.152878   0.190240
  0.000000   0.604549   0.100611
 -0.000004   0.047215  -0.096029
 -0.000003   2.573374  -1.843427
  0.613333   1.258389   0.679114
 -0.613335   1.258392   0.679106
 -0.060302   0.073466   0.008886
  0.060302   0.073461   0.008887
    8    3  0.0000  0.0000  1.0000
  0.000004  -0.065293   0.107443
  0.000001   0.188362   0.390115
  0.000005  -0.007082   0.051929
  0.000002  -0.051440   0.072499
 -0.000005   0.014397  -0.037286
 -0.000006   0.025104   0.019032
 -0.000001   0.426532   0.069667
  0.000022  -0.716711  -6.740872
 -0.055971  -0.055039  -0.225994
  0.055964  -0.055041  -0.225994
 -0.033218   0.053732  -0.171111
  0.033211   0.053731  -0.171103
 -0.037681  -0.030917  -0.004468
  0.037672  -0.030917  -0.004472
  0.493131  -0.110320   0.547253
 -0.493134  -0.110322   0.547252
 -0.000001   0.278342  -0.170569
 -0.000003  -0.011155   0.007833
  0.000004   0.058782   0.118221
  0.000002  -1.126953   1.799518
  1.108827   0.776513   2.051546
 -1.108829   0.776515   2.051552
  0.158972  -0.140412  -0.040998
 -0.158970  -0.140408  -0.040996
    9    1  1.0000  0.0000  0.0000
 -0.041130  -0.001895   0.025157
 -0.041143   0.001904  -0.025166
  0.015612   0.014213   0.020641
  0.015611  -0.014207  -0.020639
  0.169497   0.355855   0.051941
  0.169491  -0.355862  -0.051929
  0.057769  -0.097115   0.058723
  0.057756   0.097103  -0.058728
 -8.557009   0.000003   0.000001
  2.813197  -0.000004   0.000011
 -0.032975   0.000004  -0.000005
 -0.010341   0.000001  -0.000004
  0.014190  -0.000011   0.000004
  0.469725  -0.000007  -0.000015
 -0.129531  -0.000000  -0.000000
  0.036919   0.000002  -0.000000
  2.284073   0.647485   2.949259
  2.284064  -0.647472  -2.949249
  0.008865  -0.013229   0.010167
  0.008862   0.013234  -0.010172
  0.466512   0.000005   0.000003
  0.020861  -0.000009  -0.000002
 -0.037431   0.000004   0.000000
 -0.043442  -0.000002   0.000003
    9    2  0.0000  1.0000  0.0000
 -0.009031  -0.161623  -0.142026
  0.009048  -0.161624  -0.142029
  0.022356   0.028459   0.009210
 -0.022355   0.028463   0.009213
  0.430771   0.402744   0.085876
 -0.430774   0.402744   0.085877
 -0.201271   0.312830  -0.083318
  0.201269   0.312833  -0.083326
 -0.000007  -4.706442   0.210132
 -0.000007  -0.180616   0.070634
  0.000002  -0.062987  -0.006020
  0.000008  -0.057223  -0.024367
  0.000000   0.150410   0.187784
 -0.000004   0.242932  -0.069825
 -0.000006   0.221590  -0.031385
  0.000003   0.057361  -0.003259
  0.532481   0.356591   1.315523
 -0.532485   0.356593   1.315527
 -0.034410   0.069067   0.025104
  0.034411   0.069064   0.025105
  0.000010   2.198582  -2.867922
 -0.000006   0.125814   0.027270
  0.000001  -0.084294  -0.153462
 -0.000003   0.078731   0.239684
    9    3  0.0000  0.0000  1.0000
  0.017845  -0.117027   0.109865
 -0.017844  -0.117031   0.109872
  0.006864  -0.006058   0.039608
 -0.006861  -0.006062   0.039604
 -0.104340   0.126727  -0.157265
  0.104348   0.126725  -0.157273
  0.134804  -0.008122  -0.259856
 -0.134809  -0.008120  -0.259855
 -0.000026   0.228237 -12.967299
  0.000004   0.053633  -0.160551
  0.000001   0.004075   0.012004
 -0.000006  -0.015151  -0.010754
 -0.000003   0.349496   0.436667
  0.000005   0.471523   0.137442
  0.000005  -0.256298   0.066288
 -0.000001  -0.004428   0.034056
  2.840373   1.037141   4.060380
 -2.840368   1.037145   4.060373
 -0.023698   0.010232  -0.029278
  0.023702   0.010234  -0.029276
 -0.000000  -2.741982   4.607275
  0.000003  -0.030469   0.295978
 -0.000001  -0.011330   0.058669
  0.000003  -0.133090  -0.036675
   10    1  1.0000  0.0000  0.0000
 -0.041141   0.001898  -0.025158
 -0.041136  -0.001903   0.025167
  0.015616  -0.014210  -0.020627
  0.015619   0.014207   0.020631
  0.169481  -0.355852  -0.051922
  0.169496   0.355866   0.051932
  0.057749   0.097114  -0.058729
  0.057763  -0.097119   0.058728
  2.813193  -0.000003   0.000007
 -8.557022   0.000002  -0.000021
 -0.010342  -0.000001  -0.000001
 -0.032967   0.000003  -0.000005
  0.469754   0.000008  -0.000006
  0.014161  -0.000002   0.000001
  0.036920   0.000003   0.000005
 -0.129520  -0.000002  -0.000003
  2.284070  -0.647485  -2.949260
  2.284080   0.647491   2.949262
  0.008862   0.013234  -0.010173
  0.008864  -0.013234   0.010170
  0.020855  -0.000011  -0.000003
  0.466513  -0.000004   0.000001
 -0.043444  -0.000002   0.000001
 -0.037424   0.000002   0.000002
   10    2  0.0000  1.0000  0.0000
  0.009044  -0.161627  -0.142025
 -0.009036  -0.161634  -0.142032
 -0.022360   0.028467   0.009220
  0.022358   0.028465   0.009209
 -0.430778   0.402744   0.085866
  0.430780   0.402746   0.085866
  0.201267   0.312831  -0.083324
 -0.201268   0.312837  -0.083322
 -0.000003  -0.180615   0.070632
  0.000024  -4.706471   0.210167
  0.000005  -0.057221  -0.024365
 -0.000001  -0.062984  -0.006021
 -0.000004   0.242937  -0.069838
 -0.000008   0.150402   0.187783
 -0.000001   0.057360  -0.003257
 -0.000010   0.221586  -0.031380
 -0.532486   0.356598   1.315528
  0.532483   0.356595   1.315524
  0.034410   0.069070   0.025105
 -0.034415   0.069068   0.025103
 -0.000002   0.125810   0.027271
 -0.000000   2.198589  -2.867928
 -0.000001   0.078736   0.239680
  0.000002  -0.084288  -0.153464
   10    3  0.0000  0.0000  1.0000
 -0.017858  -0.117029   0.109871
  0.017841  -0.117030   0.109864
 -0.006858  -0.006066   0.039620
  0.006855  -0.006063   0.039617
  0.104347   0.126723  -0.157276
 -0.104348   0.126717  -0.157265
 -0.134813  -0.008124  -0.259855
  0.134808  -0.008118  -0.259860
 -0.000005   0.053623  -0.160539
  0.000034   0.228269 -12.967314
 -0.000003  -0.015146  -0.010766
  0.000003   0.004085   0.011996
 -0.000010   0.471519   0.137442
 -0.000002   0.349488   0.436669
  0.000002  -0.004430   0.034052
  0.000009  -0.256304   0.066285
 -2.840367   1.037148   4.060382
  2.840369   1.037143   4.060374
  0.023698   0.010232  -0.029278
 -0.023701   0.010230  -0.029275
 -0.000001  -0.030466   0.295979
  0.000001  -2.741984   4.607283
 -0.000000  -0.133090  -0.036675
 -0.000001  -0.011328   0.058671
   11    1  1.0000  0.0000  0.0000
  0.015620   0.014215   0.020640
  0.015613  -0.014209  -0.020637
 -0.041137  -0.001898   0.025165
 -0.041141   0.001903  -0.025165
  0.057773  -0.097113   0.058724
  0.057752   0.097101  -0.058727
  0.169497   0.355852   0.051935
  0.169502  -0.355851  -0.051929
 -0.032970  -0.000002  -0.000003
 -0.010334   0.000006  -0.000006
 -8.557112  -0.000000  -0.000014
  2.813187  -0.000004   0.000009
 -0.129534  -0.000005   0.000003
  0.036936  -0.000002  -0.000001
  0.014195  -0.000005   0.000000
  0.469735  -0.000002  -0.000002
  0.008867  -0.013228   0.010170
  0.008869   0.013237  -0.010172
  2.284085   0.647490   2.949264
  2.284077  -0.647482  -2.949263
 -0.037425   0.000007   0.000000
 -0.043435   0.000001   0.000002
  0.466515   0.000001   0.000006
  0.020865  -0.000011  -0.000002
   11    2  0.0000  1.0000  0.0000
  0.022353   0.028468   0.009224
 -0.022357   0.028466   0.009229
 -0.009047  -0.161629  -0.142051
  0.009049  -0.161632  -0.142046
 -0.201273   0.312853  -0.083311
  0.201272   0.312845  -0.083314
  0.430777   0.402752   0.085869
 -0.430772   0.402751   0.085862
 -0.000003  -0.062984  -0.006031
  0.000004  -0.057210  -0.024386
  0.000026  -4.706619   0.210223
 -0.000007  -0.180618   0.070638
 -0.000014   0.221615  -0.031400
 -0.000004   0.057376  -0.003264
  0.000000   0.150409   0.187783
  0.000001   0.242940  -0.069822
 -0.034412   0.069069   0.025100
  0.034410   0.069072   0.025098
  0.532485   0.356602   1.315523
 -0.532489   0.356611   1.315532
  0.000000  -0.084287  -0.153462
 -0.000003   0.078742   0.239679
  0.000007   2.198591  -2.867938
 -0.000003   0.125816   0.027265
   11    3  0.0000  0.0000  1.0000
  0.006864  -0.006056   0.039619
 -0.006857  -0.006065   0.039624
  0.017853  -0.117033   0.109869
 -0.017854  -0.117028   0.109876
  0.134813  -0.008123  -0.259858
 -0.134820  -0.008129  -0.259850
 -0.104345   0.126729  -0.157257
  0.104345   0.126735  -0.157269
  0.000008   0.004073   0.012009
 -0.000012  -0.015155  -0.010750
  0.000005   0.228296 -12.967477
 -0.000008   0.053633  -0.160528
  0.000011  -0.256308   0.066294
 -0.000002  -0.004430   0.034066
 -0.000005   0.349501   0.436683
  0.000007   0.471518   0.137447
 -0.023705   0.010224  -0.029265
  0.023702   0.010219  -0.029265
  2.840365   1.037134   4.060375
 -2.840361   1.037139   4.060373
  0.000001  -0.011328   0.058681
 -0.000000  -0.133088  -0.036667
 -0.000001  -2.741984   4.607279
 -0.000002  -0.030469   0.295991
   12    1  1.0000  0.0000  0.0000
  0.015613  -0.014208  -0.020633
  0.015611   0.014212   0.020633
 -0.041140   0.001903  -0.025173
 -0.041135  -0.001899   0.025167
  0.057752   0.097122  -0.058731
  0.057769  -0.097112   0.058731
  0.169489  -0.355852  -0.051921
  0.169494   0.355865   0.051934
 -0.010342   0.000001  -0.000004
 -0.032964  -0.000006  -0.000003
  2.813190  -0.000005   0.000013
 -8.557060  -0.000013  -0.000006
  0.036914  -0.000000  -0.000001
 -0.129515  -0.000001   0.000003
  0.469768   0.000008  -0.000003
  0.014156  -0.000006  -0.000007
  0.008865   0.013232  -0.010174
  0.008868  -0.013236   0.010171
  2.284061  -0.647481  -2.949243
  2.284076   0.647491   2.949250
 -0.043443  -0.000002   0.000002
 -0.037419  -0.000000   0.000002
  0.020867  -0.000009  -0.000004
  0.466522  -0.000003  -0.000001
   12    2  0.0000  1.0000  0.0000
 -0.022356   0.028465   0.009223
  0.022356   0.028463   0.009213
  0.009057  -0.161630  -0.142044
 -0.009043  -0.161631  -0.142039
  0.201275   0.312834  -0.083315
 -0.201285   0.312839  -0.083297
 -0.430778   0.402748   0.085860
  0.430783   0.402751   0.085862
  0.000000  -0.057223  -0.024382
  0.000003  -0.062982  -0.006028
 -0.000001  -0.180623   0.070640
 -0.000003  -4.706531   0.210162
 -0.000001   0.057369  -0.003257
 -0.000002   0.221605  -0.031395
 -0.000003   0.242938  -0.069831
 -0.000006   0.150410   0.187806
  0.034410   0.069068   0.025100
 -0.034410   0.069071   0.025099
 -0.532486   0.356606   1.315527
  0.532490   0.356604   1.315527
 -0.000002   0.078735   0.239684
  0.000000  -0.084291  -0.153463
 -0.000004   0.125814   0.027269
  0.000004   2.198591  -2.867921
   12    3  0.0000  0.0000  1.0000
 -0.006851  -0.006060   0.039616
  0.006858  -0.006057   0.039620
 -0.017848  -0.117031   0.109876
  0.017850  -0.117028   0.109863
 -0.134817  -0.008129  -0.259850
  0.134819  -0.008121  -0.259852
  0.104340   0.126727  -0.157269
 -0.104343   0.126724  -0.157265
 -0.000001  -0.015162  -0.010747
  0.000005   0.004080   0.012008
  0.000002   0.053636  -0.160526
 -0.000031   0.228267 -12.967439
 -0.000001  -0.004431   0.034055
  0.000006  -0.256310   0.066290
  0.000005   0.471535   0.137438
 -0.000004   0.349489   0.436682
  0.023702   0.010227  -0.029268
 -0.023698   0.010223  -0.029268
 -2.840360   1.037140   4.060371
  2.840365   1.037139   4.060378
  0.000003  -0.133087  -0.036666
 -0.000001  -0.011326   0.058682
  0.000004  -0.030468   0.295990
 -0.000004  -2.741976   4.607278
   13    1  1.0000  0.0000  0.0000
  0.056306  -0.205610   0.101903
  0.056298   0.205626  -0.101905
  0.167804   0.362678  -0.105208
  0.167800  -0.362676   0.105215
  0.263278   0.212237  -0.501451
  0.263277  -0.212238   0.501467
 -0.025991   0.067541   0.026539
 -0.026005  -0.067532  -0.026537
  0.009485  -0.000002  -0.000000
  0.445810  -0.000005   0.000002
 -0.131729  -0.000002  -0.000005
  0.021197   0.000001   0.000004
 -6.201575  -0.000011   0.000018
  2.484703  -0.000011  -0.000018
 -0.035704  -0.000010  -0.000005
 -0.063711  -0.000001  -0.000009
  0.671941  -1.108178  -1.268545
  0.671925   1.108225   1.268561
  0.033671  -0.008098   0.056644
  0.033668   0.008124  -0.056648
  0.143725  -0.000017  -0.000009
  0.264901  -0.000018  -0.000010
  0.750681  -0.000012  -0.000002
 -0.021755  -0.000011   0.000000
   13    2  0.0000  1.0000  0.0000
 -0.126447   0.244689   0.000189
  0.126452   0.244679   0.000187
  0.358125   0.458370   0.093734
 -0.358128   0.458363   0.093734
  0.217461  -0.039758  -0.122366
 -0.217465  -0.039761  -0.122370
  0.049658  -0.062451  -0.031403
 -0.049665  -0.062460  -0.031396
 -0.000010   0.207577   0.388905
 -0.000005   0.304925   0.492034
  0.000010   0.172366  -0.283981
  0.000004   0.007187  -0.039408
  0.000011  -8.080058  -0.693061
  0.000014  -0.029432   0.465065
 -0.000002   0.059420   0.061041
  0.000010   0.115230   0.001567
 -0.613310   1.258328   0.679126
  0.613300   1.258326   0.679130
  0.060315   0.073380   0.008937
 -0.060319   0.073381   0.008944
 -0.000006   0.604435   0.100623
 -0.000002   0.152825   0.190251
  0.000002   2.573302  -1.843489
 -0.000001   0.047139  -0.095992
   13    3  0.0000  0.0000  1.0000
  0.055971  -0.055024  -0.226035
 -0.055982  -0.055022  -0.226036
  0.033206   0.053761  -0.171136
 -0.033203   0.053762  -0.171137
 -0.493163  -0.110273   0.547228
  0.493160  -0.110271   0.547218
  0.037665  -0.030875  -0.004495
 -0.037671  -0.030881  -0.004479
  0.000001   0.188388   0.390073
 -0.000006  -0.065267   0.107437
 -0.000001  -0.051389   0.072481
 -0.000001  -0.007028   0.051896
  0.000019  -0.717368  -6.740287
  0.000002   0.426542   0.069641
 -0.000002   0.025130   0.018994
  0.000003   0.014443  -0.037343
 -1.108786   0.776531   2.051505
  1.108787   0.776536   2.051506
 -0.158980  -0.140368  -0.041019
  0.158982  -0.140370  -0.041017
 -0.000001  -0.011134   0.007841
 -0.000002   0.278363  -0.170588
  0.000003  -1.126994   1.799573
 -0.000001   0.058808   0.118181
   14    1  1.0000  0.0000  0.0000
  0.056304   0.205619  -0.101906
  0.056313  -0.205608   0.101901
  0.167803  -0.362674   0.105199
  0.167802   0.362677  -0.105202
  0.263282  -0.212223   0.501456
  0.263275   0.212247  -0.501442
 -0.025996  -0.067545  -0.026528
 -0.025988   0.067547   0.026536
  0.445811  -0.000013  -0.000003
  0.009492  -0.000010  -0.000001
  0.021212   0.000000  -0.000000
 -0.131737  -0.000008   0.000001
  2.484691  -0.000003  -0.000014
 -6.201664  -0.000009   0.000024
 -0.063695   0.000002  -0.000010
 -0.035709  -0.000008  -0.000013
  0.671937   1.108228   1.268561
  0.671949  -1.108175  -1.268539
  0.033673   0.008120  -0.056643
  0.033678  -0.008098   0.056641
  0.264902  -0.000027  -0.000008
  0.143734  -0.000019  -0.000007
 -0.021745  -0.000009  -0.000002
  0.750675  -0.000011  -0.000002
   14    2  0.0000  1.0000  0.0000
  0.126449   0.244694   0.000181
 -0.126448   0.244686   0.000180
 -0.358136   0.458356   0.093747
  0.358123   0.458357   0.093740
 -0.217454  -0.039752  -0.122367
  0.217463  -0.039772  -0.122373
 -0.049657  -0.062468  -0.031398
  0.049657  -0.062460  -0.031397
  0.000001   0.304928   0.492042
 -0.000005   0.207567   0.388913
  0.000001   0.007186  -0.039419
  0.000005   0.172365  -0.283994
  0.000016  -0.029432   0.465060
 -0.000012  -8.079997  -0.693094
  0.000003   0.115224   0.001578
 -0.000006   0.059418   0.061040
  0.613312   1.258329   0.679139
 -0.613306   1.258330   0.679136
 -0.060317   0.073379   0.008939
  0.060313   0.073374   0.008941
 -0.000001   0.152819   0.190253
 -0.000001   0.604432   0.100624
 -0.000000   0.047139  -0.095993
  0.000002   2.573298  -1.843481
   14    3  0.0000  0.0000  1.0000
 -0.055977  -0.055017  -0.226041
  0.055979  -0.055019  -0.226035
 -0.033203   0.053762  -0.171145
  0.033201   0.053761  -0.171144
  0.493156  -0.110271   0.547221
 -0.493162  -0.110273   0.547226
 -0.037676  -0.030881  -0.004495
  0.037680  -0.030877  -0.004494
 -0.000001  -0.065263   0.107445
 -0.000005   0.188385   0.390075
  0.000003  -0.007028   0.051906
 -0.000002  -0.051392   0.072482
  0.000008   0.426554   0.069648
  0.000015  -0.717374  -6.740314
 -0.000001   0.014440  -0.037335
 -0.000004   0.025123   0.018993
  1.108784   0.776525   2.051511
 -1.108785   0.776528   2.051509
  0.158980  -0.140371  -0.041017
 -0.158983  -0.140371  -0.041015
 -0.000000   0.278366  -0.170587
 -0.000002  -0.011128   0.007845
 -0.000002   0.058809   0.118184
 -0.000003  -1.126987   1.799575
   15    1  1.0000  0.0000  0.0000
  0.167812   0.362675  -0.105205
  0.167801  -0.362676   0.105201
  0.056314  -0.205610   0.101899
  0.056301   0.205627  -0.101897
 -0.025982   0.067554   0.026536
 -0.025990  -0.067546  -0.026526
  0.263281   0.212225  -0.501449
  0.263289  -0.212226   0.501455
 -0.131729  -0.000005   0.000001
  0.021213   0.000005  -0.000004
  0.009501  -0.000008  -0.000001
  0.445810  -0.000007  -0.000005
 -0.035709  -0.000012  -0.000015
 -0.063694  -0.000004  -0.000013
 -6.201741   0.000009   0.000040
  2.484699  -0.000010  -0.000017
  0.033679  -0.008096   0.056640
  0.033676   0.008123  -0.056647
  0.671953  -1.108175  -1.268542
  0.671939   1.108223   1.268571
  0.750679  -0.000007  -0.000006
 -0.021743  -0.000011  -0.000002
  0.143732  -0.000022  -0.000007
  0.264911  -0.000027  -0.000007
   15    2  0.0000  1.0000  0.0000
  0.358118   0.458359   0.093760
 -0.358132   0.458362   0.093758
 -0.126443   0.244702   0.000183
  0.126452   0.244693   0.000185
  0.049660  -0.062462  -0.031392
 -0.049658  -0.062463  -0.031384
  0.217465  -0.039750  -0.122385
 -0.217458  -0.039764  -0.122378
  0.000009   0.172371  -0.283992
 -0.000001   0.007189  -0.039413
 -0.000005   0.207575   0.388908
  0.000003   0.304924   0.492047
 -0.000003   0.059419   0.061043
  0.000005   0.115222   0.001582
 -0.000026  -8.080101  -0.693125
  0.000015  -0.029429   0.465054
  0.060314   0.073383   0.008942
 -0.060311   0.073387   0.008941
 -0.613305   1.258332   0.679134
  0.613305   1.258334   0.679134
 -0.000005   2.573302  -1.843474
  0.000003   0.047145  -0.095992
 -0.000001   0.604440   0.100619
 -0.000001   0.152829   0.190246
   15    3  0.0000  0.0000  1.0000
  0.033202   0.053764  -0.171144
 -0.033201   0.053762  -0.171142
  0.055978  -0.055022  -0.226041
 -0.055982  -0.055023  -0.226045
  0.037668  -0.030877  -0.004479
 -0.037678  -0.030875  -0.004481
 -0.493158  -0.110263   0.547229
  0.493158  -0.110268   0.547229
 -0.000002  -0.051393   0.072499
  0.000002  -0.007030   0.051918
 -0.000006   0.188385   0.390081
  0.000002  -0.065270   0.107439
 -0.000002   0.025131   0.018989
 -0.000005   0.014442  -0.037337
  0.000032  -0.717390  -6.740392
  0.000000   0.426559   0.069648
 -0.158980  -0.140371  -0.041012
  0.158981  -0.140371  -0.041012
 -1.108793   0.776536   2.051516
  1.108791   0.776532   2.051521
 -0.000005  -1.126987   1.799572
 -0.000001   0.058816   0.118184
 -0.000001  -0.011144   0.007846
 -0.000001   0.278356  -0.170584
   16    1  1.0000  0.0000  0.0000
  0.167809  -0.362670   0.105201
  0.167807   0.362674  -0.105205
  0.056301   0.205621  -0.101897
  0.056318  -0.205611   0.101896
 -0.025994  -0.067544  -0.026525
 -0.025988   0.067549   0.026539
  0.263282  -0.212227   0.501462
  0.263279   0.212243  -0.501441
  0.021216   0.000001   0.000004
 -0.131728  -0.000000   0.000000
  0.445802  -0.000004  -0.000004
  0.009505  -0.000010  -0.000005
 -0.063693  -0.000000  -0.000013
 -0.035705  -0.000012  -0.000009
  2.484691  -0.000012  -0.000017
 -6.201713   0.000012   0.000011
  0.033676   0.008119  -0.056645
  0.033678  -0.008101   0.056645
  0.671936   1.108222   1.268567
  0.671951  -1.108177  -1.268545
 -0.021747  -0.000012   0.000002
  0.750677  -0.000013  -0.000005
  0.264910  -0.000027  -0.000006
  0.143731  -0.000021  -0.000009
   16    2  0.0000  1.0000  0.0000
 -0.358140   0.458356   0.093740
  0.358131   0.458372   0.093740
  0.126456   0.244701   0.000199
 -0.126451   0.244705   0.000198
 -0.049654  -0.062469  -0.031408
  0.049661  -0.062464  -0.031402
 -0.217457  -0.039750  -0.122377
  0.217463  -0.039756  -0.122376
  0.000003   0.007186  -0.039404
  0.000004   0.172376  -0.283977
  0.000002   0.304928   0.492022
 -0.000008   0.207569   0.388899
  0.000005   0.115215   0.001579
 -0.000004   0.059415   0.061035
  0.000010  -0.029429   0.465057
 -0.000031  -8.080099  -0.693076
 -0.060311   0.073385   0.008944
  0.060316   0.073380   0.008943
  0.613308   1.258331   0.679135
 -0.613309   1.258327   0.679133
  0.000003   0.047146  -0.095992
  0.000003   2.573302  -1.843482
  0.000000   0.152829   0.190248
  0.000001   0.604442   0.100622
   16    3  0.0000  0.0000  1.0000
 -0.033199   0.053758  -0.171141
  0.033200   0.053757  -0.171138
 -0.055974  -0.055015  -0.226052
  0.055978  -0.055016  -0.226049
 -0.037672  -0.030883  -0.004481
  0.037671  -0.030868  -0.004489
  0.493167  -0.110269   0.547241
 -0.493163  -0.110272   0.547232
  0.000004  -0.007027   0.051907
 -0.000003  -0.051402   0.072491
 -0.000002  -0.065264   0.107459
 -0.000002   0.188389   0.390088
  0.000001   0.014449  -0.037336
 -0.000001   0.025136   0.018998
  0.000010   0.426555   0.069650
 -0.000009  -0.717395  -6.740410
  0.158980  -0.140371  -0.041012
 -0.158982  -0.140370  -0.041013
  1.108787   0.776535   2.051514
 -1.108792   0.776532   2.051512
 -0.000001   0.058812   0.118189
  0.000001  -1.126989   1.799573
  0.000001   0.278362  -0.170582
 -0.000001  -0.011142   0.007846
   17    1  1.0000  0.0000  0.0000
  0.551653   0.000011   0.000023
  0.047827   0.000010   0.000026
 -0.032794  -0.000006  -0.000028
 -0.012093  -0.000002  -0.000025
  0.809493   0.000033   0.000024
  0.048588   0.000037   0.000016
  0.193260  -0.000006   0.000005
  0.277748  -0.000008   0.000016
  2.297839   0.493491   2.705183
  2.297811  -0.493534  -2.705226
  0.024796  -0.047244  -0.003687
  0.024803   0.047244   0.003725
  0.682613  -0.525160  -1.046674
  0.682602   0.525174   1.046642
  0.064595   0.048157  -0.157109
  0.064596  -0.048215   0.157075
-10.311806   0.000078   0.000026
  1.500754   0.000084   0.000025
 -0.157668   0.000013  -0.000010
 -0.563916   0.000015  -0.000006
  0.215912   0.799625  -0.143356
  0.215919  -0.799757   0.143324
  0.538723  -0.517415  -0.027211
  0.538746   0.517376   0.027222
   17    2  0.0000  1.0000  0.0000
 -0.000011   2.221705  -2.645181
 -0.000009   0.150260  -0.006228
  0.000003  -0.034995  -0.002261
 -0.000005   0.134396  -0.129426
 -0.000005   2.617600  -1.074549
  0.000005   0.106672   0.032537
  0.000007   0.577448   0.001205
  0.000002   0.103133   0.294932
  0.637398   0.392110   1.007119
 -0.637403   0.392110   1.007126
 -0.010911   0.113476   0.016514
  0.010908   0.113475   0.016517
 -1.076271   1.298350   0.711452
  1.076267   1.298348   0.711453
 -0.004486   0.016973  -0.115504
  0.004496   0.016985  -0.115500
  0.000010 -14.676794   1.929487
 -0.000001   0.426389  -0.906738
 -0.000001   0.152677   0.165901
  0.000001   0.255036   0.070280
  0.807655   1.799874  -0.503707
 -0.807647   1.799877  -0.503709
 -0.509536   0.362447   0.019139
  0.509535   0.362447   0.019141
   17    3  0.0000  0.0000  1.0000
  0.000003  -2.856860   4.528469
  0.000007   0.013011   0.308306
 -0.000006  -0.148941   0.065172
 -0.000001   0.255866  -0.042633
  0.000001  -1.862378   1.835885
  0.000001  -0.149652   0.158750
 -0.000002   0.154983  -0.015526
  0.000005   0.235837  -0.204386
  2.896438   1.325889   4.023882
 -2.896445   1.325897   4.023886
  0.009018   0.005994  -0.027973
 -0.009022   0.005992  -0.027973
 -1.257409   0.641054   2.071778
  1.257407   0.641047   2.071772
  0.052770   0.035929  -0.032981
 -0.052765   0.035933  -0.032973
 -0.000000   1.945831 -19.712538
  0.000001  -0.903526  -1.118130
  0.000001   0.161871   0.140123
  0.000001   0.067034   0.010155
 -0.146657  -0.485019   1.016253
  0.146654  -0.485011   1.016256
 -0.026248   0.019608  -0.027786
  0.026249   0.019611  -0.027785
   18    1  1.0000  0.0000  0.0000
  0.047824   0.000014   0.000031
  0.551665   0.000015   0.000019
 -0.012093  -0.000001  -0.000020
 -0.032801  -0.000006  -0.000016
  0.048585   0.000025   0.000012
  0.809497   0.000018   0.000029
  0.277757  -0.000016   0.000005
  0.193253  -0.000006   0.000006
  2.297792  -0.493520  -2.705203
  2.297807   0.493486   2.705168
  0.024802   0.047254   0.003734
  0.024792  -0.047244  -0.003692
  0.682592   0.525150   1.046631
  0.682617  -0.525168  -1.046681
  0.064596  -0.048228   0.157073
  0.064595   0.048156  -0.157111
  1.500748   0.000083   0.000024
-10.311736   0.000101   0.000041
 -0.563921   0.000017  -0.000007
 -0.157667   0.000018  -0.000012
  0.215917  -0.799744   0.143321
  0.215905   0.799625  -0.143361
  0.538747   0.517383   0.027220
  0.538727  -0.517412  -0.027212
   18    2  0.0000  1.0000  0.0000
  0.000003   0.150256  -0.006241
 -0.000006   2.221701  -2.645174
  0.000004   0.134389  -0.129419
  0.000002  -0.034993  -0.002255
 -0.000004   0.106671   0.032533
 -0.000007   2.617579  -1.074543
  0.000001   0.103137   0.294936
  0.000003   0.577439   0.001209
 -0.637387   0.392116   1.007122
  0.637399   0.392108   1.007122
  0.010906   0.113471   0.016504
 -0.010915   0.113474   0.016507
  1.076253   1.298350   0.711445
 -1.076250   1.298352   0.711445
  0.004484   0.016971  -0.115495
 -0.004493   0.016979  -0.115498
  0.000004   0.426385  -0.906742
  0.000006 -14.676730   1.929504
  0.000001   0.255040   0.070278
  0.000001   0.152677   0.165900
 -0.807651   1.799867  -0.503707
  0.807651   1.799873  -0.503709
  0.509533   0.362446   0.019139
 -0.509539   0.362444   0.019139
   18    3  0.0000  0.0000  1.0000
  0.000004   0.013005   0.308311
  0.000002  -2.856855   4.528443
  0.000002   0.255867  -0.042643
  0.000004  -0.148941   0.065162
 -0.000001  -0.149643   0.158755
 -0.000001  -1.862388   1.835893
 -0.000008   0.235842  -0.204397
 -0.000001   0.154988  -0.015535
 -2.896439   1.325902   4.023881
  2.896435   1.325890   4.023881
 -0.009013   0.005987  -0.027964
  0.009013   0.005989  -0.027967
  1.257401   0.641047   2.071777
 -1.257398   0.641053   2.071788
 -0.052767   0.035931  -0.032975
  0.052765   0.035927  -0.032982
  0.000004  -0.903526  -1.118134
 -0.000005   1.945829 -19.712477
 -0.000002   0.067036   0.010149
  0.000001   0.161872   0.140122
  0.146657  -0.485020   1.016251
 -0.146654  -0.485013   1.016250
  0.026253   0.019611  -0.027795
 -0.026249   0.019610  -0.027791
   19    1  1.0000  0.0000  0.0000
 -0.032794  -0.000007  -0.000030
 -0.012079  -0.000005  -0.000016
  0.551645   0.000006   0.000010
  0.047832   0.000003   0.000023
  0.193258  -0.000001   0.000007
  0.277754   0.000004   0.000011
  0.809488   0.000029   0.000032
  0.048593   0.000040   0.000017
  0.024804  -0.047248  -0.003689
  0.024812   0.047247   0.003723
  2.297836   0.493498   2.705203
  2.297818  -0.493554  -2.705231
  0.064612   0.048168  -0.157111
  0.064600  -0.048207   0.157072
  0.682649  -0.525178  -1.046698
  0.682621   0.525194   1.046665
 -0.157659   0.000017  -0.000009
 -0.563906   0.000016  -0.000006
-10.311981   0.000068   0.000039
  1.500755   0.000075   0.000020
  0.538739  -0.517411  -0.027214
  0.538753   0.517375   0.027223
  0.215922   0.799628  -0.143358
  0.215927  -0.799759   0.143315
   19    2  0.0000  1.0000  0.0000
  0.000002  -0.034985  -0.002256
 -0.000000   0.134406  -0.129425
 -0.000000   2.221714  -2.645177
 -0.000009   0.150260  -0.006235
  0.000011   0.577450   0.001202
 -0.000004   0.103136   0.294933
 -0.000001   2.617586  -1.074547
  0.000001   0.106683   0.032536
 -0.010907   0.113488   0.016521
  0.010905   0.113485   0.016521
  0.637404   0.392121   1.007120
 -0.637392   0.392123   1.007128
 -0.004485   0.016972  -0.115502
  0.004490   0.016984  -0.115505
 -1.076258   1.298361   0.711451
  1.076268   1.298356   0.711456
  0.000004   0.152676   0.165898
 -0.000001   0.255042   0.070274
 -0.000016 -14.676936   1.929508
  0.000001   0.426381  -0.906751
 -0.509538   0.362464   0.019137
  0.509531   0.362458   0.019134
  0.807646   1.799889  -0.503711
 -0.807651   1.799885  -0.503708
   19    3  0.0000  0.0000  1.0000
 -0.000002  -0.148948   0.065174
 -0.000005   0.255867  -0.042634
 -0.000002  -2.856861   4.528450
 -0.000000   0.013010   0.308310
  0.000007   0.154992  -0.015531
  0.000002   0.235835  -0.204389
  0.000004  -1.862390   1.835910
  0.000002  -0.149650   0.158760
  0.009012   0.005985  -0.027961
 -0.009016   0.005988  -0.027965
  2.896446   1.325893   4.023883
 -2.896456   1.325898   4.023896
  0.052765   0.035931  -0.032980
 -0.052761   0.035924  -0.032969
 -1.257402   0.641055   2.071793
  1.257407   0.641045   2.071794
 -0.000001   0.161871   0.140128
  0.000001   0.067037   0.010155
 -0.000008   1.945841 -19.712644
  0.000007  -0.903531  -1.118133
 -0.026251   0.019613  -0.027783
  0.026251   0.019610  -0.027783
 -0.146658  -0.485004   1.016263
  0.146657  -0.485010   1.016258
   20    1  1.0000  0.0000  0.0000
 -0.012099  -0.000004  -0.000023
 -0.032789  -0.000000  -0.000025
  0.047830   0.000017   0.000041
  0.551680   0.000023   0.000034
  0.277762  -0.000023  -0.000000
  0.193253  -0.000021   0.000001
  0.048582   0.000029   0.000016
  0.809528   0.000015   0.000031
  0.024804   0.047245   0.003740
  0.024796  -0.047240  -0.003694
  2.297802  -0.493513  -2.705197
  2.297829   0.493489   2.705154
  0.064600  -0.048240   0.157076
  0.064598   0.048142  -0.157112
  0.682599   0.525146   1.046626
  0.682617  -0.525149  -1.046681
 -0.563919   0.000014  -0.000004
 -0.157661   0.000018  -0.000014
  1.500722   0.000091   0.000028
-10.311848   0.000108   0.000026
  0.538750   0.517383   0.027222
  0.538728  -0.517413  -0.027209
  0.215918  -0.799739   0.143324
  0.215919   0.799622  -0.143360
   20    2  0.0000  1.0000  0.0000
 -0.000005   0.134406  -0.129422
 -0.000003  -0.034983  -0.002253
  0.000000   0.150266  -0.006243
 -0.000004   2.221718  -2.645188
 -0.000000   0.103141   0.294934
 -0.000005   0.577453   0.001197
 -0.000000   0.106670   0.032537
 -0.000004   2.617607  -1.074553
  0.010909   0.113486   0.016522
 -0.010902   0.113481   0.016518
 -0.637398   0.392123   1.007124
  0.637407   0.392125   1.007119
  0.004496   0.016974  -0.115498
 -0.004489   0.016979  -0.115507
  1.076257   1.298346   0.711444
 -1.076262   1.298357   0.711459
 -0.000001   0.255041   0.070277
 -0.000003   0.152677   0.165897
  0.000001   0.426380  -0.906749
  0.000015 -14.676934   1.929518
  0.509532   0.362459   0.019138
 -0.509537   0.362462   0.019136
 -0.807650   1.799887  -0.503704
  0.807647   1.799880  -0.503707
   20    3  0.0000  0.0000  1.0000
 -0.000004   0.255855  -0.042630
 -0.000002  -0.148938   0.065174
  0.000005   0.013011   0.308315
  0.000008  -2.856864   4.528449
  0.000002   0.235840  -0.204383
  0.000000   0.154991  -0.015528
 -0.000001  -0.149649   0.158754
 -0.000001  -1.862394   1.835902
 -0.009014   0.005988  -0.027967
  0.009016   0.005983  -0.027961
 -2.896453   1.325893   4.023886
  2.896438   1.325892   4.023887
 -0.052763   0.035928  -0.032973
  0.052758   0.035929  -0.032979
  1.257396   0.641054   2.071797
 -1.257403   0.641057   2.071806
  0.000000   0.067035   0.010154
 -0.000002   0.161870   0.140129
  0.000003  -0.903530  -1.118127
  0.000010   1.945839 -19.712657
  0.026254   0.019614  -0.027787
 -0.026250   0.019607  -0.027780
  0.146662  -0.485004   1.016257
 -0.146659  -0.485009   1.016262
   21    1  1.0000  0.0000  0.0000
  2.297860   0.493607   2.705313
  2.297847  -0.493576  -2.705272
  0.024791  -0.047247  -0.003726
  0.024784   0.047244   0.003684
  0.064596   0.048195  -0.157062
  0.064587  -0.048138   0.157104
  0.682617  -0.525190  -1.046689
  0.682604   0.525181   1.046716
  0.551688  -0.000003  -0.000026
  0.047788  -0.000020  -0.000017
 -0.032804   0.000010   0.000020
 -0.012084  -0.000004   0.000035
  0.193255   0.000005  -0.000007
  0.277746   0.000013  -0.000007
  0.809497  -0.000026  -0.000017
  0.048594  -0.000027  -0.000023
  0.215909   0.799727  -0.143311
  0.215901  -0.799604   0.143344
  0.538746  -0.517351  -0.027218
  0.538719   0.517380   0.027205
-10.311833  -0.000073  -0.000038
  1.500747  -0.000075  -0.000020
 -0.157670  -0.000013   0.000009
 -0.563884  -0.000016   0.000008
   21    2  0.0000  1.0000  0.0000
  0.637460   0.392146   1.007211
 -0.637450   0.392149   1.007216
 -0.010914   0.113482   0.016528
  0.010916   0.113473   0.016539
 -0.004482   0.016956  -0.115450
  0.004487   0.016947  -0.115453
 -1.076254   1.298342   0.711490
  1.076260   1.298337   0.711491
 -0.000003   2.221190  -2.644473
  0.000000   0.150256  -0.006193
  0.000002  -0.034998  -0.002245
  0.000002   0.134431  -0.129458
 -0.000000   0.577424   0.001198
 -0.000004   0.103164   0.294918
  0.000001   2.617603  -1.074620
  0.000003   0.106694   0.032526
  0.807678   1.799995  -0.503637
 -0.807689   1.799994  -0.503644
 -0.509561   0.362524   0.019162
  0.509559   0.362528   0.019160
 -0.000014 -14.676423   1.928401
  0.000003   0.426271  -0.906857
 -0.000000   0.152580   0.165910
  0.000002   0.254935   0.070278
   21    3  0.0000  0.0000  1.0000
  2.896583   1.326076   4.024011
 -2.896590   1.326096   4.024022
  0.009015   0.005997  -0.027975
 -0.009015   0.005995  -0.027981
  0.052756   0.035925  -0.032970
 -0.052756   0.035936  -0.032966
 -1.257377   0.641064   2.071806
  1.257376   0.641059   2.071796
 -0.000001  -2.856134   4.527467
  0.000004   0.013016   0.308265
 -0.000003  -0.148918   0.065171
 -0.000000   0.255946  -0.042691
  0.000001   0.154976  -0.015519
  0.000000   0.235850  -0.204403
 -0.000004  -1.862478   1.835955
 -0.000002  -0.149658   0.158720
 -0.146673  -0.484952   1.016261
  0.146675  -0.484956   1.016256
 -0.026251   0.019634  -0.027773
  0.026254   0.019637  -0.027776
  0.000005   1.944653 -19.711754
  0.000005  -0.903643  -1.118161
 -0.000000   0.161856   0.140078
  0.000000   0.067027   0.010160
   22    1  1.0000  0.0000  0.0000
  2.297858  -0.493591  -2.705301
  2.297863   0.493607   2.705323
  0.024782   0.047243   0.003685
  0.024791  -0.047253  -0.003728
  0.064579  -0.048127   0.157110
  0.064595   0.048205  -0.157060
  0.682611   0.525203   1.046734
  0.682615  -0.525196  -1.046679
  0.047779  -0.000025  -0.000021
  0.551668  -0.000012  -0.000037
 -0.012088  -0.000001   0.000029
 -0.032815   0.000016   0.000024
  0.277738   0.000023   0.000000
  0.193259   0.000014  -0.000008
  0.048597  -0.000030  -0.000032
  0.809475  -0.000022  -0.000024
  0.215901  -0.799614   0.143342
  0.215922   0.799733  -0.143309
  0.538718   0.517377   0.027210
  0.538740  -0.517351  -0.027218
  1.500753  -0.000082  -0.000019
-10.311788  -0.000093  -0.000043
 -0.563879  -0.000013   0.000010
 -0.157674  -0.000012   0.000012
   22    2  0.0000  1.0000  0.0000
 -0.637474   0.392139   1.007222
  0.637477   0.392134   1.007220
  0.010914   0.113462   0.016531
 -0.010916   0.113473   0.016535
  0.004485   0.016959  -0.115455
 -0.004489   0.016952  -0.115455
  1.076275   1.298332   0.711488
 -1.076272   1.298326   0.711480
 -0.000003   0.150248  -0.006200
 -0.000003   2.221181  -2.644498
 -0.000002   0.134428  -0.129456
  0.000002  -0.034995  -0.002261
  0.000000   0.103160   0.294934
  0.000005   0.577430   0.001210
 -0.000002   0.106676   0.032545
  0.000001   2.617612  -1.074618
 -0.807696   1.800000  -0.503636
  0.807696   1.799990  -0.503638
  0.509553   0.362529   0.019161
 -0.509560   0.362533   0.019163
 -0.000000   0.426275  -0.906854
  0.000010 -14.676338   1.928397
 -0.000002   0.254923   0.070277
  0.000001   0.152572   0.165911
   22    3  0.0000  0.0000  1.0000
 -2.896591   1.326091   4.024013
  2.896577   1.326084   4.024011
 -0.009008   0.005993  -0.027988
  0.009010   0.005994  -0.027976
 -0.052760   0.035926  -0.032970
  0.052753   0.035926  -0.032980
  1.257394   0.641064   2.071777
 -1.257388   0.641056   2.071790
  0.000002   0.013012   0.308264
  0.000001  -2.856133   4.527480
 -0.000001   0.255946  -0.042691
 -0.000004  -0.148915   0.065162
  0.000002   0.235848  -0.204419
  0.000002   0.154977  -0.015531
  0.000003  -0.149655   0.158730
 -0.000001  -1.862481   1.835960
  0.146676  -0.484962   1.016258
 -0.146671  -0.484964   1.016252
  0.026255   0.019639  -0.027780
 -0.026253   0.019636  -0.027779
  0.000002  -0.903639  -1.118166
  0.000001   1.944685 -19.711639
 -0.000000   0.067023   0.010152
 -0.000002   0.161850   0.140071
   23    1  1.0000  0.0000  0.0000
  0.024807  -0.047243  -0.003734
  0.024813   0.047243   0.003694
  2.297874   0.493591   2.705282
  2.297862  -0.493562  -2.705247
  0.682623  -0.525160  -1.046642
  0.682609   0.525164   1.046691
  0.064613   0.048210  -0.157064
  0.064610  -0.048147   0.157106
 -0.032779   0.000011   0.000020
 -0.012071   0.000003   0.000028
  0.551736  -0.000012  -0.000029
  0.047816  -0.000025  -0.000020
  0.809554  -0.000036  -0.000021
  0.048609  -0.000025  -0.000038
  0.193270   0.000009  -0.000009
  0.277776   0.000013   0.000000
  0.538766  -0.517352  -0.027218
  0.538744   0.517385   0.027205
  0.215946   0.799711  -0.143311
  0.215922  -0.799590   0.143349
 -0.157644  -0.000009   0.000008
 -0.563866  -0.000016   0.000004
-10.312381  -0.000086  -0.000031
  1.500790  -0.000076  -0.000023
   23    2  0.0000  1.0000  0.0000
 -0.010924   0.113498   0.016530
  0.010909   0.113496   0.016526
  0.637477   0.392164   1.007224
 -0.637480   0.392167   1.007229
 -1.076265   1.298356   0.711490
  1.076271   1.298359   0.711485
 -0.004490   0.016984  -0.115465
  0.004488   0.016983  -0.115454
  0.000003  -0.034963  -0.002254
 -0.000002   0.134448  -0.129455
 -0.000004   2.221206  -2.644506
 -0.000003   0.150273  -0.006205
 -0.000001   2.617620  -1.074610
  0.000007   0.106705   0.032532
  0.000004   0.577447   0.001217
 -0.000002   0.103201   0.294942
 -0.509560   0.362567   0.019161
  0.509559   0.362565   0.019159
  0.807693   1.800028  -0.503635
 -0.807693   1.800031  -0.503637
  0.000002   0.152608   0.165910
  0.000002   0.254958   0.070280
  0.000005 -14.677005   1.928388
  0.000003   0.426305  -0.906851
   23    3  0.0000  0.0000  1.0000
  0.009010   0.005986  -0.027956
 -0.009016   0.005984  -0.027954
  2.896596   1.326085   4.024047
 -2.896605   1.326097   4.024050
 -1.257385   0.641061   2.071811
  1.257382   0.641065   2.071825
  0.052751   0.035933  -0.032941
 -0.052750   0.035938  -0.032947
 -0.000000  -0.148919   0.065189
  0.000003   0.255946  -0.042658
  0.000005  -2.856138   4.527513
  0.000001   0.013007   0.308296
 -0.000001  -1.862479   1.835993
 -0.000001  -0.149660   0.158756
 -0.000003   0.154979  -0.015501
 -0.000001   0.235853  -0.204391
 -0.026250   0.019636  -0.027750
  0.026254   0.019636  -0.027754
 -0.146677  -0.484962   1.016288
  0.146682  -0.484963   1.016283
  0.000000   0.161854   0.140100
 -0.000001   0.067024   0.010182
 -0.000000   1.944680 -19.712341
  0.000007  -0.903644  -1.118141
   24    1  1.0000  0.0000  0.0000
  0.024789   0.047239   0.003681
  0.024793  -0.047254  -0.003724
  2.297867  -0.493599  -2.705319
  2.297887   0.493635   2.705351
  0.682627   0.525229   1.046744
  0.682634  -0.525218  -1.046684
  0.064599  -0.048135   0.157102
  0.064605   0.048206  -0.157063
 -0.012070  -0.000007   0.000026
 -0.032802   0.000008   0.000014
  0.047800  -0.000020  -0.000021
  0.551667  -0.000008  -0.000026
  0.048595  -0.000023  -0.000025
  0.809483  -0.000030  -0.000013
  0.277749   0.000015  -0.000004
  0.193266   0.000010  -0.000008
  0.538730   0.517378   0.027210
  0.538754  -0.517355  -0.027221
  0.215914  -0.799611   0.143338
  0.215937   0.799738  -0.143311
 -0.563870  -0.000017   0.000006
 -0.157660  -0.000018   0.000010
  1.500824  -0.000080  -0.000023
-10.312116  -0.000084  -0.000038
   24    2  0.0000  1.0000  0.0000
  0.010911   0.113479   0.016531
 -0.010916   0.113478   0.016527
 -0.637471   0.392156   1.007228
  0.637471   0.392147   1.007217
  1.076277   1.298333   0.711478
 -1.076269   1.298343   0.711483
  0.004491   0.016967  -0.115459
 -0.004489   0.016959  -0.115461
  0.000002   0.134431  -0.129458
  0.000001  -0.034983  -0.002261
 -0.000002   0.150251  -0.006204
 -0.000012   2.221187  -2.644493
  0.000002   0.106680   0.032549
  0.000000   2.617604  -1.074597
 -0.000006   0.103167   0.294944
 -0.000005   0.577434   0.001222
  0.509563   0.362545   0.019161
 -0.509562   0.362544   0.019157
 -0.807691   1.800000  -0.503638
  0.807695   1.800014  -0.503642
  0.000001   0.254941   0.070277
  0.000002   0.152582   0.165908
  0.000002   0.426288  -0.906852
  0.000003 -14.676549   1.928382
   24    3  0.0000  0.0000  1.0000
 -0.009018   0.005989  -0.027983
  0.009011   0.005989  -0.027979
 -2.896599   1.326089   4.024033
  2.896579   1.326078   4.024023
  1.257394   0.641066   2.071805
 -1.257398   0.641068   2.071794
 -0.052751   0.035933  -0.032953
  0.052760   0.035936  -0.032969
  0.000004   0.255944  -0.042679
 -0.000003  -0.148925   0.065178
  0.000002   0.013011   0.308268
  0.000007  -2.856133   4.527485
 -0.000004  -0.149658   0.158743
  0.000011  -1.862482   1.835967
 -0.000000   0.235849  -0.204403
 -0.000001   0.154984  -0.015514
  0.026252   0.019634  -0.027773
 -0.026251   0.019636  -0.027771
  0.146680  -0.484956   1.016269
 -0.146678  -0.484959   1.016268
 -0.000003   0.067029   0.010159
 -0.000002   0.161855   0.140082
  0.000002  -0.903641  -1.118162
  0.000006   1.944664 -19.711891
